        0.0   0.00000E+00   0.00000E+00   0.00000E+00   0.00000E+00   0.00000E+00   0.00000E+00   0.00000E+00   0.00000E+00
        0.0   0.00000E+00   0.00000E+00   0.00000E+00   0.00000E+00   0.00000E+00   0.00000E+00   0.00000E+00   0.00000E+00
        0.0   0.00000E+00   0.00000E+00   0.00000E+00   0.00000E+00   0.00000E+00   0.00000E+00   0.00000E+00   0.00000E+00
        0.0   0.00000E+00   0.00000E+00   0.00000E+00   0.00000E+00   0.00000E+00   0.00000E+00   0.00000E+00   0.00000E+00
       10.0   0.32700E-10   0.46808E-07   0.13553E-04   0.19606E-03   0.17622E-03   0.10639E-04   0.36337E-07   0.15495E-10
       10.0   0.57267E-11   0.43958E-07   0.13855E-04   0.19479E-03   0.17581E-03   0.10718E-04   0.32941E-07   0.68598E-11
       10.0   0.91867E-10   0.10911E-06   0.28747E-04   0.36240E-03   0.27819E-03   0.13859E-04   0.38872E-07   0.14355E-10
       10.0   0.16868E-10   0.94455E-07   0.25480E-04   0.32867E-03   0.25420E-03   0.13962E-04   0.36097E-07   0.61617E-11
        0.0   0.00000E+00   0.00000E+00   0.00000E+00   0.00000E+00   0.00000E+00   0.00000E+00   0.00000E+00   0.00000E+00
        0.0   0.00000E+00   0.00000E+00   0.00000E+00   0.00000E+00   0.00000E+00   0.00000E+00   0.00000E+00   0.00000E+00
        0.0   0.00000E+00   0.00000E+00   0.00000E+00   0.00000E+00   0.00000E+00   0.00000E+00   0.00000E+00   0.00000E+00
        0.0   0.00000E+00   0.00000E+00   0.00000E+00   0.00000E+00   0.00000E+00   0.00000E+00   0.00000E+00   0.00000E+00
       10.0   0.32700E-10   0.46808E-07   0.13553E-04   0.19606E-03   0.17622E-03   0.10639E-04   0.36337E-07   0.15495E-10
       10.0   0.57267E-11   0.43958E-07   0.13855E-04   0.19479E-03   0.17581E-03   0.10718E-04   0.32941E-07   0.68598E-11
       10.0   0.91867E-10   0.10911E-06   0.28747E-04   0.36240E-03   0.27819E-03   0.13859E-04   0.38872E-07   0.14355E-10
       10.0   0.16868E-10   0.94455E-07   0.25480E-04   0.32867E-03   0.25420E-03   0.13962E-04   0.36097E-07   0.61617E-11
       20.0   0.41334E-10   0.72985E-07   0.22442E-04   0.33727E-03   0.30987E-03   0.18694E-04   0.62141E-07   0.77129E-11
       20.0   0.70369E-11   0.68166E-07   0.22556E-04   0.33655E-03   0.30858E-03   0.18644E-04   0.56885E-07   0.10860E-10
       20.0   0.11651E-09   0.16891E-06   0.47178E-04   0.62036E-03   0.48825E-03   0.24354E-04   0.66251E-07   0.79113E-11
       20.0   0.22375E-10   0.15542E-06   0.43333E-04   0.57738E-03   0.45342E-03   0.23996E-04   0.61911E-07   0.10025E-10
       30.0   0.51575E-10   0.74211E-07   0.25099E-04   0.39241E-03   0.36848E-03   0.22075E-04   0.69723E-07  -0.15408E-10
       30.0   0.50743E-11   0.69769E-07   0.25116E-04   0.39191E-03   0.36679E-03   0.22006E-04   0.64264E-07   0.11226E-10
       30.0   0.14833E-09   0.17334E-06   0.53195E-04   0.72778E-03   0.58383E-03   0.28795E-04   0.73893E-07  -0.11861E-10
       30.0   0.20092E-10   0.16566E-06   0.50194E-04   0.69058E-03   0.55183E-03   0.28716E-04   0.70728E-07   0.10498E-10
       40.0   0.66127E-10   0.61443E-07   0.23552E-04   0.38310E-03   0.36520E-03   0.21455E-04   0.62066E-07   0.47325E-11
       40.0   0.10094E-11   0.58818E-07   0.23749E-04   0.38206E-03   0.36315E-03   0.21438E-04   0.57911E-07   0.83447E-11
       40.0   0.18314E-09   0.14740E-06   0.51495E-04   0.72681E-03   0.58759E-03   0.28280E-04   0.65709E-07   0.55671E-11
       40.0   0.11515E-10   0.14931E-06   0.49979E-04   0.70189E-03   0.56602E-03   0.28766E-04   0.65062E-07   0.77766E-11
       50.0   0.51596E-10   0.44230E-07   0.19953E-04   0.34299E-03   0.32856E-03   0.18548E-04   0.46007E-07   0.53153E-10
       50.0  -0.29973E-11   0.44366E-07   0.20388E-04   0.34168E-03   0.32687E-03   0.18735E-04   0.43858E-07   0.36919E-11
       50.0   0.15031E-09   0.11225E-06   0.45842E-04   0.67717E-03   0.54600E-03   0.25055E-04   0.48811E-07   0.48559E-10
       50.0   0.18046E-11   0.12450E-06   0.45912E-04   0.66415E-03   0.53617E-03   0.26307E-04   0.51319E-07   0.35359E-11
       60.0   0.19839E-10   0.28924E-07   0.16020E-04   0.29617E-03   0.28207E-03   0.14966E-04   0.28418E-07   0.11491E-09
       60.0  -0.52504E-11   0.31501E-07   0.16756E-04   0.29386E-03   0.28157E-03   0.15322E-04   0.28298E-07  -0.13140E-11
       60.0   0.69061E-10   0.82016E-07   0.39348E-04   0.61793E-03   0.49251E-03   0.21031E-04   0.30616E-07   0.10284E-09
       60.0  -0.23973E-11   0.10293E-06   0.41435E-04   0.61502E-03   0.49221E-03   0.22988E-04   0.35764E-07  -0.11461E-11
       70.0   0.12277E-10   0.18888E-07   0.12887E-04   0.25900E-03   0.24015E-03   0.11843E-04   0.14108E-07   0.16899E-09
       70.0  -0.60627E-11   0.23427E-07   0.14036E-04   0.25498E-03   0.24193E-03   0.12272E-04   0.15700E-07  -0.50901E-11
       70.0   0.62061E-10   0.63189E-07   0.34905E-04   0.57878E-03   0.44611E-03   0.17650E-04   0.16138E-07   0.14872E-09
       70.0  -0.24165E-11   0.91307E-07   0.38617E-04   0.57932E-03   0.45456E-03   0.19978E-04   0.23353E-07  -0.42785E-11
       80.0   0.20488E-10   0.15375E-07   0.10778E-04   0.23740E-03   0.20799E-03   0.97284E-05   0.50625E-08   0.18803E-09
       80.0  -0.65799E-11   0.20675E-07   0.12325E-04   0.22990E-03   0.21200E-03   0.10213E-04   0.77284E-08  -0.76163E-11
       80.0   0.83362E-10   0.61205E-07   0.32128E-04   0.56806E-03   0.41156E-03   0.15642E-04   0.74451E-08   0.16479E-09
       80.0  -0.30269E-11   0.91370E-07   0.37554E-04   0.56460E-03   0.43199E-03   0.18070E-04   0.15712E-07  -0.58419E-11
       90.0   0.26551E-10   0.16927E-07   0.10137E-04   0.23142E-03   0.19073E-03   0.87325E-05   0.14258E-08   0.16649E-09
       90.0  -0.64052E-11   0.22065E-07   0.12026E-04   0.22166E-03   0.19610E-03   0.93109E-05   0.47906E-08  -0.79357E-11
       90.0   0.10734E-09   0.70620E-07   0.32860E-04   0.58521E-03   0.40212E-03   0.15095E-04   0.45584E-08   0.15091E-09
       90.0  -0.41683E-11   0.10122E-06   0.38973E-04   0.57772E-03   0.42646E-03   0.17700E-04   0.13252E-07  -0.47397E-11
        0.0   0.00000E+00   0.00000E+00   0.00000E+00   0.00000E+00   0.00000E+00   0.00000E+00   0.00000E+00   0.00000E+00
        0.0   0.00000E+00   0.00000E+00   0.00000E+00   0.00000E+00   0.00000E+00   0.00000E+00   0.00000E+00   0.00000E+00
        0.0   0.00000E+00   0.00000E+00   0.00000E+00   0.00000E+00   0.00000E+00   0.00000E+00   0.00000E+00   0.00000E+00
        0.0   0.00000E+00   0.00000E+00   0.00000E+00   0.00000E+00   0.00000E+00   0.00000E+00   0.00000E+00   0.00000E+00
       10.0   0.32700E-10   0.46808E-07   0.13553E-04   0.19606E-03   0.17622E-03   0.10639E-04   0.36337E-07   0.15495E-10
       10.0   0.57267E-11   0.43958E-07   0.13855E-04   0.19479E-03   0.17581E-03   0.10718E-04   0.32941E-07   0.68598E-11
       10.0   0.91867E-10   0.10911E-06   0.28747E-04   0.36240E-03   0.27819E-03   0.13859E-04   0.38872E-07   0.14355E-10
       10.0   0.16868E-10   0.94455E-07   0.25480E-04   0.32867E-03   0.25420E-03   0.13962E-04   0.36097E-07   0.61617E-11
       20.0   0.41334E-10   0.72985E-07   0.22442E-04   0.33727E-03   0.30987E-03   0.18694E-04   0.62141E-07   0.77129E-11
       20.0   0.70369E-11   0.68166E-07   0.22556E-04   0.33655E-03   0.30858E-03   0.18644E-04   0.56885E-07   0.10860E-10
       20.0   0.11651E-09   0.16891E-06   0.47178E-04   0.62036E-03   0.48825E-03   0.24354E-04   0.66251E-07   0.79113E-11
       20.0   0.22375E-10   0.15542E-06   0.43333E-04   0.57738E-03   0.45342E-03   0.23996E-04   0.61911E-07   0.10025E-10
       30.0   0.51575E-10   0.74211E-07   0.25099E-04   0.39241E-03   0.36848E-03   0.22075E-04   0.69723E-07  -0.15408E-10
       30.0   0.50743E-11   0.69769E-07   0.25116E-04   0.39191E-03   0.36679E-03   0.22006E-04   0.64264E-07   0.11226E-10
       30.0   0.14833E-09   0.17334E-06   0.53195E-04   0.72778E-03   0.58383E-03   0.28795E-04   0.73893E-07  -0.11861E-10
       30.0   0.20092E-10   0.16566E-06   0.50194E-04   0.69058E-03   0.55183E-03   0.28716E-04   0.70728E-07   0.10498E-10
       40.0   0.66127E-10   0.61443E-07   0.23552E-04   0.38310E-03   0.36520E-03   0.21455E-04   0.62066E-07   0.47325E-11
       40.0   0.10094E-11   0.58818E-07   0.23749E-04   0.38206E-03   0.36315E-03   0.21438E-04   0.57911E-07   0.83447E-11
       40.0   0.18314E-09   0.14740E-06   0.51495E-04   0.72681E-03   0.58759E-03   0.28280E-04   0.65709E-07   0.55671E-11
       40.0   0.11515E-10   0.14931E-06   0.49979E-04   0.70189E-03   0.56602E-03   0.28766E-04   0.65062E-07   0.77766E-11
       50.0   0.51596E-10   0.44230E-07   0.19953E-04   0.34299E-03   0.32856E-03   0.18548E-04   0.46007E-07   0.53153E-10
       50.0  -0.29973E-11   0.44366E-07   0.20388E-04   0.34168E-03   0.32687E-03   0.18735E-04   0.43858E-07   0.36919E-11
       50.0   0.15031E-09   0.11225E-06   0.45842E-04   0.67717E-03   0.54600E-03   0.25055E-04   0.48811E-07   0.48559E-10
       50.0   0.18046E-11   0.12450E-06   0.45912E-04   0.66415E-03   0.53617E-03   0.26307E-04   0.51319E-07   0.35359E-11
       60.0   0.19839E-10   0.28924E-07   0.16020E-04   0.29617E-03   0.28207E-03   0.14966E-04   0.28418E-07   0.11491E-09
       60.0  -0.52504E-11   0.31501E-07   0.16756E-04   0.29386E-03   0.28157E-03   0.15322E-04   0.28298E-07  -0.13140E-11
       60.0   0.69061E-10   0.82016E-07   0.39348E-04   0.61793E-03   0.49251E-03   0.21031E-04   0.30616E-07   0.10284E-09
       60.0  -0.23973E-11   0.10293E-06   0.41435E-04   0.61502E-03   0.49221E-03   0.22988E-04   0.35764E-07  -0.11461E-11
       70.0   0.12277E-10   0.18888E-07   0.12887E-04   0.25900E-03   0.24015E-03   0.11843E-04   0.14108E-07   0.16899E-09
       70.0  -0.60627E-11   0.23427E-07   0.14036E-04   0.25498E-03   0.24193E-03   0.12272E-04   0.15700E-07  -0.50901E-11
       70.0   0.62061E-10   0.63189E-07   0.34905E-04   0.57878E-03   0.44611E-03   0.17650E-04   0.16138E-07   0.14872E-09
       70.0  -0.24165E-11   0.91307E-07   0.38617E-04   0.57932E-03   0.45456E-03   0.19978E-04   0.23353E-07  -0.42785E-11
       80.0   0.20488E-10   0.15375E-07   0.10778E-04   0.23740E-03   0.20799E-03   0.97284E-05   0.50625E-08   0.18803E-09
       80.0  -0.65799E-11   0.20675E-07   0.12325E-04   0.22990E-03   0.21200E-03   0.10213E-04   0.77284E-08  -0.76163E-11
       80.0   0.83362E-10   0.61205E-07   0.32128E-04   0.56806E-03   0.41156E-03   0.15642E-04   0.74451E-08   0.16479E-09
       80.0  -0.30269E-11   0.91370E-07   0.37554E-04   0.56460E-03   0.43199E-03   0.18070E-04   0.15712E-07  -0.58419E-11
       90.0   0.26551E-10   0.16927E-07   0.10137E-04   0.23142E-03   0.19073E-03   0.87325E-05   0.14258E-08   0.16649E-09
       90.0  -0.64052E-11   0.22065E-07   0.12026E-04   0.22166E-03   0.19610E-03   0.93109E-05   0.47906E-08  -0.79357E-11
       90.0   0.10734E-09   0.70620E-07   0.32860E-04   0.58521E-03   0.40212E-03   0.15095E-04   0.45584E-08   0.15091E-09
       90.0  -0.41683E-11   0.10122E-06   0.38973E-04   0.57772E-03   0.42646E-03   0.17700E-04   0.13252E-07  -0.47397E-11
        0.0   0.00000E+00   0.00000E+00   0.00000E+00   0.00000E+00   0.00000E+00   0.00000E+00   0.00000E+00   0.00000E+00
        0.0   0.00000E+00   0.00000E+00   0.00000E+00   0.00000E+00   0.00000E+00   0.00000E+00   0.00000E+00   0.00000E+00
        0.0   0.00000E+00   0.00000E+00   0.00000E+00   0.00000E+00   0.00000E+00   0.00000E+00   0.00000E+00   0.00000E+00
        0.0   0.00000E+00   0.00000E+00   0.00000E+00   0.00000E+00   0.00000E+00   0.00000E+00   0.00000E+00   0.00000E+00
       10.0   0.32700E-10   0.46808E-07   0.13553E-04   0.19606E-03   0.17622E-03   0.10639E-04   0.36337E-07   0.15495E-10
       10.0   0.48472E-13   0.98441E-09   0.27022E-06   0.37466E-05   0.47269E-05   0.79361E-07   0.43854E-09   0.63411E-13
       10.0   0.91867E-10   0.10911E-06   0.28747E-04   0.36240E-03   0.27819E-03   0.13859E-04   0.38872E-07   0.14355E-10
       10.0   0.33779E-12   0.32965E-08  -0.50566E-07   0.65385E-05   0.53580E-05   0.69102E-07   0.32588E-09   0.40733E-13
       20.0   0.41334E-10   0.72985E-07   0.22442E-04   0.33727E-03   0.30987E-03   0.18694E-04   0.62141E-07   0.77129E-11
       20.0   0.34121E-12   0.14406E-08   0.47140E-06   0.60777E-05   0.82905E-05   0.19959E-06   0.63374E-09   0.12372E-12
       20.0   0.11651E-09   0.16891E-06   0.47178E-04   0.62036E-03   0.48825E-03   0.24354E-04   0.66251E-07   0.79113E-11
       20.0   0.88814E-12   0.29927E-08   0.99418E-06   0.66578E-05   0.86536E-05   0.29144E-06   0.71402E-09   0.10345E-12
       30.0   0.51575E-10   0.74211E-07   0.25099E-04   0.39241E-03   0.36848E-03   0.22075E-04   0.69723E-07  -0.15408E-10
       30.0   0.18880E-12   0.24584E-08   0.54629E-06   0.65935E-05   0.55250E-05   0.28968E-06   0.73624E-09   0.11660E-12
       30.0   0.14833E-09   0.17334E-06   0.53195E-04   0.72778E-03   0.58383E-03   0.28795E-04   0.73893E-07  -0.11861E-10
       30.0   0.11737E-11   0.70516E-08   0.60479E-06   0.10055E-04   0.95888E-05   0.40462E-06   0.11060E-08   0.11824E-12
       40.0   0.66127E-10   0.61443E-07   0.23552E-04   0.38310E-03   0.36520E-03   0.21455E-04   0.62066E-07   0.47325E-11
       40.0   0.16167E-12   0.16898E-08   0.34657E-06   0.62588E-05   0.41636E-05   0.27759E-06   0.59360E-09   0.52550E-13
       40.0   0.18314E-09   0.14740E-06   0.51495E-04   0.72681E-03   0.58759E-03   0.28280E-04   0.65709E-07   0.55671E-11
       40.0   0.67204E-12   0.34957E-08   0.15441E-05   0.12769E-04   0.10313E-04   0.43212E-06   0.52863E-09   0.63747E-13
       50.0   0.51596E-10   0.44230E-07   0.19953E-04   0.34299E-03   0.32856E-03   0.18548E-04   0.46007E-07   0.53153E-10
       50.0  -0.10416E-12   0.96467E-09   0.37938E-06   0.51779E-05   0.51729E-05   0.31551E-06   0.42894E-09   0.47095E-13
       50.0   0.15031E-09   0.11225E-06   0.45842E-04   0.67717E-03   0.54600E-03   0.25055E-04   0.48811E-07   0.48559E-10
       50.0   0.35715E-12   0.45066E-08   0.11648E-05   0.14398E-04   0.83888E-05   0.29737E-06   0.46334E-09   0.15797E-13
       60.0   0.19839E-10   0.28924E-07   0.16020E-04   0.29617E-03   0.28207E-03   0.14966E-04   0.28418E-07   0.11491E-09
       60.0  -0.24071E-12   0.29210E-09   0.12226E-06   0.49056E-05   0.44280E-05   0.24367E-06   0.45318E-09  -0.26373E-13
       60.0   0.69061E-10   0.82016E-07   0.39348E-04   0.61793E-03   0.49251E-03   0.21031E-04   0.30616E-07   0.10284E-09
       60.0  -0.39358E-12   0.57121E-09   0.10133E-05   0.14575E-04   0.88613E-05   0.57007E-06   0.47342E-09  -0.14232E-13
       70.0   0.12277E-10   0.18888E-07   0.12887E-04   0.25900E-03   0.24015E-03   0.11843E-04   0.14108E-07   0.16899E-09
       70.0  -0.21885E-12   0.58784E-09   0.48236E-06   0.27125E-05   0.51190E-05   0.21981E-07   0.22889E-09  -0.46758E-13
       70.0   0.62061E-10   0.63189E-07   0.34905E-04   0.57878E-03   0.44611E-03   0.17650E-04   0.16138E-07   0.14872E-09
       70.0  -0.71587E-12   0.40650E-08   0.89281E-06   0.96109E-05   0.56841E-05   0.20851E-06   0.13712E-09  -0.52021E-13
       80.0   0.20488E-10   0.15375E-07   0.10778E-04   0.23740E-03   0.20799E-03   0.97284E-05   0.50625E-08   0.18803E-09
       80.0  -0.19728E-12  -0.14468E-09   0.12559E-06   0.69012E-05   0.29533E-05   0.15468E-06   0.18789E-10  -0.81500E-13
       80.0   0.83362E-10   0.61205E-07   0.32128E-04   0.56806E-03   0.41156E-03   0.15642E-04   0.74451E-08   0.16479E-09
       80.0  -0.29729E-12   0.21352E-08   0.10997E-06   0.11046E-04   0.56356E-05   0.13036E-06   0.19059E-09  -0.67690E-13
       90.0   0.26551E-10   0.16927E-07   0.10137E-04   0.23142E-03   0.19073E-03   0.87325E-05   0.14258E-08   0.16649E-09
       90.0  -0.19020E-12   0.37560E-09   0.17205E-06   0.48908E-05   0.29701E-05   0.11577E-06   0.11581E-10  -0.65527E-13
       90.0   0.10734E-09   0.70620E-07   0.32860E-04   0.58521E-03   0.40212E-03   0.15095E-04   0.45584E-08   0.15091E-09
       90.0  -0.20461E-13   0.18798E-08   0.40682E-06   0.11312E-04   0.49754E-05   0.22214E-06   0.30427E-09   0.47988E-15
        0.0   0.00000E+00   0.00000E+00   0.00000E+00   0.00000E+00   0.00000E+00   0.00000E+00   0.00000E+00   0.00000E+00
        0.0   0.00000E+00   0.00000E+00   0.00000E+00   0.00000E+00   0.00000E+00   0.00000E+00   0.00000E+00   0.00000E+00
        0.0   0.00000E+00   0.00000E+00   0.00000E+00   0.00000E+00   0.00000E+00   0.00000E+00   0.00000E+00   0.00000E+00
        0.0   0.00000E+00   0.00000E+00   0.00000E+00   0.00000E+00   0.00000E+00   0.00000E+00   0.00000E+00   0.00000E+00
       10.0   0.27771E-10   0.38938E-07   0.10846E-04   0.15190E-03   0.13251E-03   0.77691E-05   0.25757E-07   0.84613E-11
       10.0   0.27337E-12   0.16233E-08  -0.83072E-07   0.35920E-05   0.34857E-05   0.15335E-06   0.39973E-09   0.60721E-13
       10.0   0.75710E-10   0.90372E-07   0.22820E-04   0.27800E-03   0.20712E-03   0.10037E-04   0.27442E-07   0.76400E-11
       10.0   0.47279E-12   0.33130E-08   0.44555E-06   0.39950E-05   0.59800E-05   0.36893E-06   0.29293E-09   0.49337E-13
       20.0   0.29390E-10   0.60925E-07   0.17938E-04   0.26115E-03   0.23297E-03   0.13621E-04   0.43983E-07   0.92537E-11
       20.0   0.36790E-12   0.95940E-09   0.43858E-06   0.39595E-05   0.48752E-05   0.21757E-06   0.65211E-09   0.97591E-13
       20.0   0.80345E-10   0.14033E-06   0.37378E-04   0.47525E-03   0.36316E-03   0.17586E-04   0.46700E-07   0.85243E-11
       20.0   0.10522E-11   0.20472E-08   0.74017E-06   0.11361E-04   0.81801E-05   0.31143E-06   0.79203E-09   0.72890E-13
       30.0   0.50433E-10   0.61912E-07   0.20042E-04   0.30290E-03   0.27645E-03   0.16072E-04   0.49303E-07   0.74717E-11
       30.0   0.12946E-12   0.20986E-08   0.63202E-06   0.78924E-05   0.60211E-05   0.19716E-06   0.63559E-09   0.11960E-12
       30.0   0.13767E-09   0.14374E-06   0.42034E-04   0.55480E-03   0.43272E-03   0.20747E-04   0.51999E-07   0.65115E-11
       30.0   0.90337E-12   0.53851E-08   0.11075E-05   0.93621E-05   0.74338E-05   0.27011E-06   0.71684E-09   0.95070E-13
       40.0   0.46217E-10   0.51379E-07   0.18918E-04   0.29710E-03   0.27479E-03   0.15630E-04   0.43662E-07   0.59916E-11
       40.0   0.19572E-12   0.84563E-09   0.19943E-06   0.60231E-05   0.43318E-05   0.23284E-06   0.60943E-09   0.86092E-13
       40.0   0.12277E-09   0.12217E-06   0.40813E-04   0.55504E-03   0.43552E-03   0.20336E-04   0.45927E-07   0.50878E-11
       40.0   0.57737E-12   0.41281E-08   0.96046E-06   0.12306E-04   0.53593E-05   0.33593E-06   0.65024E-09   0.67867E-13
       50.0   0.40660E-10   0.37414E-07   0.16137E-04   0.26750E-03   0.24855E-03   0.13553E-04   0.32597E-07   0.40886E-10
       50.0   0.27283E-13   0.11706E-08   0.28189E-06   0.50884E-05   0.54252E-05   0.27904E-06   0.61898E-09   0.54399E-13
       50.0   0.11289E-09   0.93558E-07   0.36416E-04   0.51778E-03   0.40519E-03   0.17989E-04   0.34212E-07   0.35462E-10
       50.0   0.26374E-12   0.41780E-08   0.72051E-06   0.76214E-05   0.56329E-05   0.24819E-06   0.54628E-09   0.29820E-13
       60.0   0.14839E-10   0.24678E-07   0.12985E-04   0.23082E-03   0.21339E-03   0.10954E-04   0.19837E-07   0.49355E-10
       60.0  -0.30375E-13   0.14936E-08   0.17688E-06   0.36895E-05   0.34470E-05   0.11712E-06   0.27029E-09   0.43148E-14
       60.0   0.45047E-10   0.68168E-07   0.31113E-04   0.46960E-03   0.36346E-03   0.15030E-04   0.20938E-07   0.42314E-10
       60.0   0.94636E-13   0.28092E-08   0.49956E-06   0.12882E-04   0.68680E-05   0.24605E-06   0.87852E-10  -0.16403E-13
       70.0   0.12083E-10   0.16409E-07   0.10493E-04   0.20245E-03   0.18190E-03   0.86476E-05   0.98807E-08   0.80667E-10
       70.0  -0.51161E-13   0.54504E-09   0.22162E-06   0.60245E-05   0.98169E-06   0.14379E-06   0.25459E-09  -0.22877E-13
       70.0   0.50318E-10   0.52494E-07   0.27493E-04   0.43849E-03   0.32742E-03   0.12475E-04   0.10807E-07   0.69123E-10
       70.0   0.43874E-12   0.18836E-08   0.53453E-06   0.87827E-05   0.48334E-05   0.19510E-06   0.12925E-09  -0.24008E-13
       80.0   0.16487E-10   0.13468E-07   0.88269E-05   0.18620E-03   0.15864E-03   0.71608E-05   0.36234E-08   0.11399E-09
       80.0  -0.64595E-13   0.44976E-09   0.12799E-06   0.54143E-05   0.21954E-05   0.15980E-06   0.93948E-10  -0.40538E-13
       80.0   0.59525E-10   0.50546E-07   0.25233E-04   0.42972E-03   0.30199E-03   0.11042E-04   0.47508E-08   0.99915E-10
       80.0   0.20583E-12   0.39434E-09   0.39750E-06   0.93794E-05   0.92241E-05   0.13223E-06   0.10702E-09  -0.24257E-14
       90.0   0.23219E-10   0.14718E-07   0.83401E-05   0.18124E-03   0.14571E-03   0.64602E-05   0.11313E-08   0.98172E-10
       90.0  -0.11772E-12   0.63417E-10   0.25072E-06   0.52529E-05   0.34782E-05   0.13252E-06   0.50793E-10  -0.50723E-13
       90.0   0.84727E-10   0.58181E-07   0.25805E-04   0.44081E-03   0.29387E-03   0.10636E-04   0.27429E-08   0.89449E-10
       90.0  -0.14509E-12   0.92105E-09   0.44422E-06   0.11844E-04   0.75641E-05   0.19223E-06   0.27609E-09  -0.12686E-14
        0.0   0.00000E+00   0.00000E+00   0.00000E+00   0.00000E+00   0.00000E+00   0.00000E+00   0.00000E+00   0.00000E+00
        0.0   0.00000E+00   0.00000E+00   0.00000E+00   0.00000E+00   0.00000E+00   0.00000E+00   0.00000E+00   0.00000E+00
        0.0   0.00000E+00   0.00000E+00   0.00000E+00   0.00000E+00   0.00000E+00   0.00000E+00   0.00000E+00   0.00000E+00
        0.0   0.00000E+00   0.00000E+00   0.00000E+00   0.00000E+00   0.00000E+00   0.00000E+00   0.00000E+00   0.00000E+00
       10.0   0.32700E-10   0.46808E-07   0.13553E-04   0.19606E-03   0.17622E-03   0.10639E-04   0.36337E-07   0.15495E-10
       10.0   0.16305E-12   0.15076E-08   0.25062E-06   0.55432E-05   0.32174E-05   0.10204E-06   0.25198E-09   0.44798E-13
       10.0   0.91867E-10   0.10911E-06   0.28747E-04   0.36240E-03   0.27819E-03   0.13859E-04   0.38872E-07   0.14355E-10
       10.0   0.58518E-12   0.23860E-08   0.28586E-06   0.77924E-05   0.43964E-05   0.15512E-06   0.46164E-09   0.66022E-13
       20.0   0.41334E-10   0.72985E-07   0.22442E-04   0.33727E-03   0.30987E-03   0.18694E-04   0.62141E-07   0.77129E-11
       20.0   0.33645E-12   0.17958E-08   0.48948E-06   0.70322E-05   0.52874E-05   0.26382E-06   0.50498E-09   0.10818E-12
       20.0   0.11651E-09   0.16891E-06   0.47178E-04   0.62036E-03   0.48825E-03   0.24354E-04   0.66251E-07   0.79113E-11
       20.0   0.98730E-12   0.54852E-08   0.54362E-06   0.10705E-04   0.66593E-05   0.33093E-06   0.42376E-09   0.73217E-13
       30.0   0.51575E-10   0.74211E-07   0.25099E-04   0.39241E-03   0.36848E-03   0.22075E-04   0.69723E-07  -0.15408E-10
       30.0   0.22744E-12   0.13049E-08   0.23951E-06   0.72301E-05   0.48995E-05   0.27406E-06   0.78112E-09   0.12049E-12
       30.0   0.14833E-09   0.17334E-06   0.53195E-04   0.72778E-03   0.58383E-03   0.28795E-04   0.73893E-07  -0.11861E-10
       30.0   0.65079E-12   0.67663E-08   0.93162E-06   0.13293E-04   0.82983E-05   0.35864E-06   0.10149E-08   0.99188E-13
       40.0   0.66127E-10   0.61443E-07   0.23552E-04   0.38310E-03   0.36520E-03   0.21455E-04   0.62066E-07   0.47325E-11
       40.0   0.34179E-13   0.17925E-08   0.26425E-06   0.61697E-05   0.44080E-05   0.28937E-06   0.77542E-09   0.93145E-13
       40.0   0.18314E-09   0.14740E-06   0.51495E-04   0.72681E-03   0.58759E-03   0.28280E-04   0.65709E-07   0.55671E-11
       40.0   0.28572E-12   0.38080E-08   0.12642E-05   0.12852E-04   0.12839E-04   0.45788E-06   0.61794E-09   0.69094E-13
       50.0   0.51596E-10   0.44230E-07   0.19953E-04   0.34299E-03   0.32856E-03   0.18548E-04   0.46007E-07   0.53153E-10
       50.0  -0.16810E-12   0.12516E-08   0.28916E-06   0.65561E-05   0.36390E-05   0.23409E-06   0.49524E-09   0.39451E-13
       50.0   0.15031E-09   0.11225E-06   0.45842E-04   0.67717E-03   0.54600E-03   0.25055E-04   0.48811E-07   0.48559E-10
       50.0  -0.48848E-13   0.23760E-08   0.31674E-06   0.13920E-04   0.58874E-05   0.42271E-06   0.79665E-09   0.50234E-13
       60.0   0.19839E-10   0.28924E-07   0.16020E-04   0.29617E-03   0.28207E-03   0.14966E-04   0.28418E-07   0.11491E-09
       60.0  -0.11524E-12   0.86875E-09   0.35898E-06   0.63728E-05   0.55937E-05   0.18496E-06   0.35661E-09  -0.10386E-14
       60.0   0.69061E-10   0.82016E-07   0.39348E-04   0.61793E-03   0.49251E-03   0.21031E-04   0.30616E-07   0.10284E-09
       60.0  -0.67886E-13   0.32063E-08   0.85444E-06   0.13375E-04   0.88801E-05   0.22672E-06   0.41640E-09  -0.19766E-13
       70.0   0.12277E-10   0.18888E-07   0.12887E-04   0.25900E-03   0.24015E-03   0.11843E-04   0.14108E-07   0.16899E-09
       70.0  -0.22899E-12   0.32313E-09   0.35306E-06   0.17687E-05   0.30769E-05   0.21592E-06   0.11973E-09  -0.31953E-13
       70.0   0.62061E-10   0.63189E-07   0.34905E-04   0.57878E-03   0.44611E-03   0.17650E-04   0.16138E-07   0.14872E-09
       70.0  -0.27707E-12   0.39065E-08   0.84834E-06   0.10482E-04   0.92303E-05   0.31075E-06   0.26999E-09  -0.69585E-13
       80.0   0.20488E-10   0.15375E-07   0.10778E-04   0.23740E-03   0.20799E-03   0.97284E-05   0.50625E-08   0.18803E-09
       80.0  -0.11107E-12   0.23270E-09   0.13113E-06   0.32558E-05   0.34913E-05   0.57038E-07   0.32823E-10  -0.57046E-13
       80.0   0.83362E-10   0.61205E-07   0.32128E-04   0.56806E-03   0.41156E-03   0.15642E-04   0.74451E-08   0.16479E-09
       80.0   0.24038E-12   0.23284E-08   0.87649E-06   0.97244E-05   0.94682E-05   0.32156E-06   0.17354E-09  -0.30974E-13
       90.0   0.26551E-10   0.16927E-07   0.10137E-04   0.23142E-03   0.19073E-03   0.87325E-05   0.14258E-08   0.16649E-09
       90.0  -0.21097E-12   0.30957E-09   0.31663E-06   0.68102E-05   0.18973E-05   0.14682E-06   0.13037E-09  -0.87507E-13
       90.0   0.10734E-09   0.70620E-07   0.32860E-04   0.58521E-03   0.40212E-03   0.15095E-04   0.45584E-08   0.15091E-09
       90.0  -0.93554E-14   0.32747E-08   0.10372E-05   0.11160E-04   0.67933E-05   0.10189E-06   0.11465E-09  -0.31940E-13
        0.0   0.00000E+00   0.00000E+00   0.00000E+00   0.00000E+00   0.00000E+00   0.00000E+00   0.00000E+00   0.00000E+00
        0.0   0.00000E+00   0.00000E+00   0.00000E+00   0.00000E+00   0.00000E+00   0.00000E+00   0.00000E+00   0.00000E+00
        0.0   0.00000E+00   0.00000E+00   0.00000E+00   0.00000E+00   0.00000E+00   0.00000E+00   0.00000E+00   0.00000E+00
        0.0   0.00000E+00   0.00000E+00   0.00000E+00   0.00000E+00   0.00000E+00   0.00000E+00   0.00000E+00   0.00000E+00
       10.0   0.32700E-10   0.46808E-07   0.13553E-04   0.19606E-03   0.17622E-03   0.10639E-04   0.36337E-07   0.15495E-10
       10.0   0.18596E-12   0.12592E-08   0.22780E-06   0.34784E-05   0.16200E-05   0.12330E-06   0.20673E-09   0.58344E-13
       10.0   0.91867E-10   0.10911E-06   0.28747E-04   0.36240E-03   0.27819E-03   0.13859E-04   0.38872E-07   0.14355E-10
       10.0   0.65446E-12   0.53030E-08   0.12423E-06   0.56641E-05   0.35362E-05   0.47633E-06   0.28963E-09   0.64436E-13
       20.0   0.41334E-10   0.72985E-07   0.22442E-04   0.33727E-03   0.30987E-03   0.18694E-04   0.62141E-07   0.77129E-11
       20.0   0.30657E-12   0.16016E-08   0.50143E-06   0.37830E-05   0.50849E-05   0.23412E-06   0.52012E-09   0.12493E-12
       20.0   0.11651E-09   0.16891E-06   0.47178E-04   0.62036E-03   0.48825E-03   0.24354E-04   0.66251E-07   0.79113E-11
       20.0   0.56782E-12   0.40621E-08   0.63930E-06   0.82047E-05   0.52147E-05   0.31415E-06   0.67630E-09   0.87816E-13
       30.0   0.51575E-10   0.74211E-07   0.25099E-04   0.39241E-03   0.36848E-03   0.22075E-04   0.69723E-07  -0.15408E-10
       30.0   0.27029E-12   0.19120E-08   0.59646E-06   0.71974E-05   0.54624E-05   0.29915E-06   0.75105E-09   0.12409E-12
       30.0   0.14833E-09   0.17334E-06   0.53195E-04   0.72778E-03   0.58383E-03   0.28795E-04   0.73893E-07  -0.11861E-10
       30.0   0.64058E-12   0.67305E-08   0.13954E-05   0.10489E-04   0.11521E-04   0.44691E-06   0.10529E-08   0.15472E-12
       40.0   0.66127E-10   0.61443E-07   0.23552E-04   0.38310E-03   0.36520E-03   0.21455E-04   0.62066E-07   0.47325E-11
       40.0   0.87289E-13   0.13262E-08   0.48692E-06   0.64331E-05   0.65561E-05   0.32694E-06   0.85827E-09   0.73915E-13
       40.0   0.18314E-09   0.14740E-06   0.51495E-04   0.72681E-03   0.58759E-03   0.28280E-04   0.65709E-07   0.55671E-11
       40.0   0.46836E-12   0.23401E-08   0.10746E-05   0.10323E-04   0.93203E-05   0.39181E-06   0.78964E-09   0.40973E-13
       50.0   0.51596E-10   0.44230E-07   0.19953E-04   0.34299E-03   0.32856E-03   0.18548E-04   0.46007E-07   0.53153E-10
       50.0   0.22008E-13   0.19343E-08   0.14352E-06   0.83514E-05   0.35485E-05   0.21075E-06   0.53107E-09   0.23324E-13
       50.0   0.15031E-09   0.11225E-06   0.45842E-04   0.67717E-03   0.54600E-03   0.25055E-04   0.48811E-07   0.48559E-10
       50.0   0.20405E-12   0.46895E-08   0.10615E-05   0.16565E-04   0.11138E-04   0.40262E-06   0.52795E-09   0.37959E-13
       60.0   0.19839E-10   0.28924E-07   0.16020E-04   0.29617E-03   0.28207E-03   0.14966E-04   0.28418E-07   0.11491E-09
       60.0  -0.15980E-12   0.83946E-09   0.49722E-06   0.63534E-05   0.33401E-05   0.17266E-06   0.42713E-09  -0.11131E-13
       60.0   0.69061E-10   0.82016E-07   0.39348E-04   0.61793E-03   0.49251E-03   0.21031E-04   0.30616E-07   0.10284E-09
       60.0   0.92603E-13   0.41463E-08   0.63349E-06   0.14009E-04   0.73983E-05   0.30524E-06   0.51418E-09  -0.76777E-14
       70.0   0.12277E-10   0.18888E-07   0.12887E-04   0.25900E-03   0.24015E-03   0.11843E-04   0.14108E-07   0.16899E-09
       70.0  -0.24748E-12   0.14797E-09   0.31556E-06   0.45540E-05   0.29425E-05   0.15259E-06   0.79576E-10  -0.35957E-13
       70.0   0.62061E-10   0.63189E-07   0.34905E-04   0.57878E-03   0.44611E-03   0.17650E-04   0.16138E-07   0.14872E-09
       70.0  -0.41943E-12   0.15737E-08   0.81262E-06   0.10446E-04   0.61832E-05   0.18105E-06   0.11249E-09  -0.15117E-13
       80.0   0.20488E-10   0.15375E-07   0.10778E-04   0.23740E-03   0.20799E-03   0.97284E-05   0.50625E-08   0.18803E-09
       80.0  -0.29835E-12   0.18462E-09   0.21686E-06   0.38359E-05   0.20759E-05   0.55836E-07   0.69038E-10  -0.70800E-13
       80.0   0.83362E-10   0.61205E-07   0.32128E-04   0.56806E-03   0.41156E-03   0.15642E-04   0.74451E-08   0.16479E-09
       80.0  -0.15417E-12   0.35080E-08   0.74984E-06   0.52109E-05   0.74575E-05   0.17994E-06   0.57573E-10  -0.33145E-13
       90.0   0.26551E-10   0.16927E-07   0.10137E-04   0.23142E-03   0.19073E-03   0.87325E-05   0.14258E-08   0.16649E-09
       90.0  -0.27371E-12   0.99856E-09   0.19715E-06   0.36435E-05   0.25111E-05   0.10807E-06   0.10978E-09  -0.81686E-13
       90.0   0.10734E-09   0.70620E-07   0.32860E-04   0.58521E-03   0.40212E-03   0.15095E-04   0.45584E-08   0.15091E-09
       90.0  -0.18455E-12   0.22344E-08   0.91944E-06   0.65232E-05   0.42559E-05   0.21932E-06   0.15510E-09  -0.26323E-13
        0.0   0.00000E+00   0.00000E+00   0.00000E+00   0.00000E+00   0.00000E+00   0.00000E+00   0.00000E+00   0.00000E+00
        0.0   0.00000E+00   0.00000E+00   0.00000E+00   0.00000E+00   0.00000E+00   0.00000E+00   0.00000E+00   0.00000E+00
        0.0   0.00000E+00   0.00000E+00   0.00000E+00   0.00000E+00   0.00000E+00   0.00000E+00   0.00000E+00   0.00000E+00
        0.0   0.00000E+00   0.00000E+00   0.00000E+00   0.00000E+00   0.00000E+00   0.00000E+00   0.00000E+00   0.00000E+00
       10.0   0.32700E-10   0.46808E-07   0.13553E-04   0.19606E-03   0.17622E-03   0.10639E-04   0.36337E-07   0.15495E-10
       10.0   0.57267E-11   0.43958E-07   0.13855E-04   0.19479E-03   0.17581E-03   0.10718E-04   0.32941E-07   0.68598E-11
       10.0   0.91867E-10   0.10911E-06   0.28747E-04   0.36240E-03   0.27819E-03   0.13859E-04   0.38872E-07   0.14355E-10
       10.0   0.16868E-10   0.94455E-07   0.25480E-04   0.32867E-03   0.25420E-03   0.13962E-04   0.36097E-07   0.61617E-11
       20.0   0.41334E-10   0.72985E-07   0.22442E-04   0.33727E-03   0.30987E-03   0.18694E-04   0.62141E-07   0.77129E-11
       20.0   0.70369E-11   0.68166E-07   0.22556E-04   0.33655E-03   0.30858E-03   0.18644E-04   0.56885E-07   0.10860E-10
       20.0   0.11651E-09   0.16891E-06   0.47178E-04   0.62036E-03   0.48825E-03   0.24354E-04   0.66251E-07   0.79113E-11
       20.0   0.22375E-10   0.15542E-06   0.43333E-04   0.57738E-03   0.45342E-03   0.23996E-04   0.61911E-07   0.10025E-10
       30.0   0.51575E-10   0.74211E-07   0.25099E-04   0.39241E-03   0.36848E-03   0.22075E-04   0.69723E-07  -0.15408E-10
       30.0   0.50743E-11   0.69769E-07   0.25116E-04   0.39191E-03   0.36679E-03   0.22006E-04   0.64264E-07   0.11226E-10
       30.0   0.14833E-09   0.17334E-06   0.53195E-04   0.72778E-03   0.58383E-03   0.28795E-04   0.73893E-07  -0.11861E-10
       30.0   0.20092E-10   0.16566E-06   0.50194E-04   0.69058E-03   0.55183E-03   0.28716E-04   0.70728E-07   0.10498E-10
       40.0   0.66127E-10   0.61443E-07   0.23552E-04   0.38310E-03   0.36520E-03   0.21455E-04   0.62066E-07   0.47325E-11
       40.0   0.10094E-11   0.58818E-07   0.23749E-04   0.38206E-03   0.36315E-03   0.21438E-04   0.57911E-07   0.83447E-11
       40.0   0.18314E-09   0.14740E-06   0.51495E-04   0.72681E-03   0.58759E-03   0.28280E-04   0.65709E-07   0.55671E-11
       40.0   0.11515E-10   0.14931E-06   0.49979E-04   0.70189E-03   0.56602E-03   0.28766E-04   0.65062E-07   0.77766E-11
       50.0   0.51596E-10   0.44230E-07   0.19953E-04   0.34299E-03   0.32856E-03   0.18548E-04   0.46007E-07   0.53153E-10
       50.0  -0.29973E-11   0.44366E-07   0.20388E-04   0.34168E-03   0.32687E-03   0.18735E-04   0.43858E-07   0.36919E-11
       50.0   0.15031E-09   0.11225E-06   0.45842E-04   0.67717E-03   0.54600E-03   0.25055E-04   0.48811E-07   0.48559E-10
       50.0   0.18046E-11   0.12450E-06   0.45912E-04   0.66415E-03   0.53617E-03   0.26307E-04   0.51319E-07   0.35359E-11
       60.0   0.19839E-10   0.28924E-07   0.16020E-04   0.29617E-03   0.28207E-03   0.14966E-04   0.28418E-07   0.11491E-09
       60.0  -0.52504E-11   0.31501E-07   0.16756E-04   0.29386E-03   0.28157E-03   0.15322E-04   0.28298E-07  -0.13140E-11
       60.0   0.69061E-10   0.82016E-07   0.39348E-04   0.61793E-03   0.49251E-03   0.21031E-04   0.30616E-07   0.10284E-09
       60.0  -0.23973E-11   0.10293E-06   0.41435E-04   0.61502E-03   0.49221E-03   0.22988E-04   0.35764E-07  -0.11461E-11
       70.0   0.12277E-10   0.18888E-07   0.12887E-04   0.25900E-03   0.24015E-03   0.11843E-04   0.14108E-07   0.16899E-09
       70.0  -0.60627E-11   0.23427E-07   0.14036E-04   0.25498E-03   0.24193E-03   0.12272E-04   0.15700E-07  -0.50901E-11
       70.0   0.62061E-10   0.63189E-07   0.34905E-04   0.57878E-03   0.44611E-03   0.17650E-04   0.16138E-07   0.14872E-09
       70.0  -0.24165E-11   0.91307E-07   0.38617E-04   0.57932E-03   0.45456E-03   0.19978E-04   0.23353E-07  -0.42785E-11
       80.0   0.20488E-10   0.15375E-07   0.10778E-04   0.23740E-03   0.20799E-03   0.97284E-05   0.50625E-08   0.18803E-09
       80.0  -0.65799E-11   0.20675E-07   0.12325E-04   0.22990E-03   0.21200E-03   0.10213E-04   0.77284E-08  -0.76163E-11
       80.0   0.83362E-10   0.61205E-07   0.32128E-04   0.56806E-03   0.41156E-03   0.15642E-04   0.74451E-08   0.16479E-09
       80.0  -0.30269E-11   0.91370E-07   0.37554E-04   0.56460E-03   0.43199E-03   0.18070E-04   0.15712E-07  -0.58419E-11
       90.0   0.26551E-10   0.16927E-07   0.10137E-04   0.23142E-03   0.19073E-03   0.87325E-05   0.14258E-08   0.16649E-09
       90.0  -0.64052E-11   0.22065E-07   0.12026E-04   0.22166E-03   0.19610E-03   0.93109E-05   0.47906E-08  -0.79357E-11
       90.0   0.10734E-09   0.70620E-07   0.32860E-04   0.58521E-03   0.40212E-03   0.15095E-04   0.45584E-08   0.15091E-09
       90.0  -0.41683E-11   0.10122E-06   0.38973E-04   0.57772E-03   0.42646E-03   0.17700E-04   0.13252E-07  -0.47397E-11
        0.0   0.00000E+00   0.00000E+00   0.00000E+00   0.00000E+00   0.00000E+00   0.00000E+00   0.00000E+00   0.00000E+00
        0.0   0.00000E+00   0.00000E+00   0.00000E+00   0.00000E+00   0.00000E+00   0.00000E+00   0.00000E+00   0.00000E+00
        0.0   0.00000E+00   0.00000E+00   0.00000E+00   0.00000E+00   0.00000E+00   0.00000E+00   0.00000E+00   0.00000E+00
        0.0   0.00000E+00   0.00000E+00   0.00000E+00   0.00000E+00   0.00000E+00   0.00000E+00   0.00000E+00   0.00000E+00
       10.0   0.32700E-10   0.46808E-07   0.13553E-04   0.19606E-03   0.17622E-03   0.10639E-04   0.36337E-07   0.15495E-10
       10.0   0.57267E-11   0.43958E-07   0.13855E-04   0.19479E-03   0.17581E-03   0.10718E-04   0.32941E-07   0.68598E-11
       10.0   0.91867E-10   0.10911E-06   0.28747E-04   0.36240E-03   0.27819E-03   0.13859E-04   0.38872E-07   0.14355E-10
       10.0   0.16868E-10   0.94455E-07   0.25480E-04   0.32867E-03   0.25420E-03   0.13962E-04   0.36097E-07   0.61617E-11
       20.0   0.41334E-10   0.72985E-07   0.22442E-04   0.33727E-03   0.30987E-03   0.18694E-04   0.62141E-07   0.77129E-11
       20.0   0.70369E-11   0.68166E-07   0.22556E-04   0.33655E-03   0.30858E-03   0.18644E-04   0.56885E-07   0.10860E-10
       20.0   0.11651E-09   0.16891E-06   0.47178E-04   0.62036E-03   0.48825E-03   0.24354E-04   0.66251E-07   0.79113E-11
       20.0   0.22375E-10   0.15542E-06   0.43333E-04   0.57738E-03   0.45342E-03   0.23996E-04   0.61911E-07   0.10025E-10
       30.0   0.51575E-10   0.74211E-07   0.25099E-04   0.39241E-03   0.36848E-03   0.22075E-04   0.69723E-07  -0.15408E-10
       30.0   0.50743E-11   0.69769E-07   0.25116E-04   0.39191E-03   0.36679E-03   0.22006E-04   0.64264E-07   0.11226E-10
       30.0   0.14833E-09   0.17334E-06   0.53195E-04   0.72778E-03   0.58383E-03   0.28795E-04   0.73893E-07  -0.11861E-10
       30.0   0.20092E-10   0.16566E-06   0.50194E-04   0.69058E-03   0.55183E-03   0.28716E-04   0.70728E-07   0.10498E-10
       40.0   0.66127E-10   0.61443E-07   0.23552E-04   0.38310E-03   0.36520E-03   0.21455E-04   0.62066E-07   0.47325E-11
       40.0   0.10094E-11   0.58818E-07   0.23749E-04   0.38206E-03   0.36315E-03   0.21438E-04   0.57911E-07   0.83447E-11
       40.0   0.18314E-09   0.14740E-06   0.51495E-04   0.72681E-03   0.58759E-03   0.28280E-04   0.65709E-07   0.55671E-11
       40.0   0.11515E-10   0.14931E-06   0.49979E-04   0.70189E-03   0.56602E-03   0.28766E-04   0.65062E-07   0.77766E-11
       50.0   0.51596E-10   0.44230E-07   0.19953E-04   0.34299E-03   0.32856E-03   0.18548E-04   0.46007E-07   0.53153E-10
       50.0  -0.29973E-11   0.44366E-07   0.20388E-04   0.34168E-03   0.32687E-03   0.18735E-04   0.43858E-07   0.36919E-11
       50.0   0.15031E-09   0.11225E-06   0.45842E-04   0.67717E-03   0.54600E-03   0.25055E-04   0.48811E-07   0.48559E-10
       50.0   0.18046E-11   0.12450E-06   0.45912E-04   0.66415E-03   0.53617E-03   0.26307E-04   0.51319E-07   0.35359E-11
       60.0   0.19839E-10   0.28924E-07   0.16020E-04   0.29617E-03   0.28207E-03   0.14966E-04   0.28418E-07   0.11491E-09
       60.0  -0.52504E-11   0.31501E-07   0.16756E-04   0.29386E-03   0.28157E-03   0.15322E-04   0.28298E-07  -0.13140E-11
       60.0   0.69061E-10   0.82016E-07   0.39348E-04   0.61793E-03   0.49251E-03   0.21031E-04   0.30616E-07   0.10284E-09
       60.0  -0.23973E-11   0.10293E-06   0.41435E-04   0.61502E-03   0.49221E-03   0.22988E-04   0.35764E-07  -0.11461E-11
       70.0   0.12277E-10   0.18888E-07   0.12887E-04   0.25900E-03   0.24015E-03   0.11843E-04   0.14108E-07   0.16899E-09
       70.0  -0.60627E-11   0.23427E-07   0.14036E-04   0.25498E-03   0.24193E-03   0.12272E-04   0.15700E-07  -0.50901E-11
       70.0   0.62061E-10   0.63189E-07   0.34905E-04   0.57878E-03   0.44611E-03   0.17650E-04   0.16138E-07   0.14872E-09
       70.0  -0.24165E-11   0.91307E-07   0.38617E-04   0.57932E-03   0.45456E-03   0.19978E-04   0.23353E-07  -0.42785E-11
       80.0   0.20488E-10   0.15375E-07   0.10778E-04   0.23740E-03   0.20799E-03   0.97284E-05   0.50625E-08   0.18803E-09
       80.0  -0.65799E-11   0.20675E-07   0.12325E-04   0.22990E-03   0.21200E-03   0.10213E-04   0.77284E-08  -0.76163E-11
       80.0   0.83362E-10   0.61205E-07   0.32128E-04   0.56806E-03   0.41156E-03   0.15642E-04   0.74451E-08   0.16479E-09
       80.0  -0.30269E-11   0.91370E-07   0.37554E-04   0.56460E-03   0.43199E-03   0.18070E-04   0.15712E-07  -0.58419E-11
       90.0   0.26551E-10   0.16927E-07   0.10137E-04   0.23142E-03   0.19073E-03   0.87325E-05   0.14258E-08   0.16649E-09
       90.0  -0.64052E-11   0.22065E-07   0.12026E-04   0.22166E-03   0.19610E-03   0.93109E-05   0.47906E-08  -0.79357E-11
       90.0   0.10734E-09   0.70620E-07   0.32860E-04   0.58521E-03   0.40212E-03   0.15095E-04   0.45584E-08   0.15091E-09
       90.0  -0.41683E-11   0.10122E-06   0.38973E-04   0.57772E-03   0.42646E-03   0.17700E-04   0.13252E-07  -0.47397E-11
        0.0   0.00000E+00   0.00000E+00   0.00000E+00   0.00000E+00   0.00000E+00   0.00000E+00   0.00000E+00   0.00000E+00
        0.0   0.00000E+00   0.00000E+00   0.00000E+00   0.00000E+00   0.00000E+00   0.00000E+00   0.00000E+00   0.00000E+00
        0.0   0.00000E+00   0.00000E+00   0.00000E+00   0.00000E+00   0.00000E+00   0.00000E+00   0.00000E+00   0.00000E+00
        0.0   0.00000E+00   0.00000E+00   0.00000E+00   0.00000E+00   0.00000E+00   0.00000E+00   0.00000E+00   0.00000E+00
       10.0   0.32700E-10   0.46808E-07   0.13553E-04   0.19606E-03   0.17622E-03   0.10639E-04   0.36337E-07   0.15495E-10
       10.0   0.57267E-11   0.43958E-07   0.13855E-04   0.19479E-03   0.17581E-03   0.10718E-04   0.32941E-07   0.68598E-11
       10.0   0.91867E-10   0.10911E-06   0.28747E-04   0.36240E-03   0.27819E-03   0.13859E-04   0.38872E-07   0.14355E-10
       10.0   0.16868E-10   0.94455E-07   0.25480E-04   0.32867E-03   0.25420E-03   0.13962E-04   0.36097E-07   0.61617E-11
       20.0   0.41334E-10   0.72985E-07   0.22442E-04   0.33727E-03   0.30987E-03   0.18694E-04   0.62141E-07   0.77129E-11
       20.0   0.70369E-11   0.68166E-07   0.22556E-04   0.33655E-03   0.30858E-03   0.18644E-04   0.56885E-07   0.10860E-10
       20.0   0.11651E-09   0.16891E-06   0.47178E-04   0.62036E-03   0.48825E-03   0.24354E-04   0.66251E-07   0.79113E-11
       20.0   0.22375E-10   0.15542E-06   0.43333E-04   0.57738E-03   0.45342E-03   0.23996E-04   0.61911E-07   0.10025E-10
       30.0   0.51575E-10   0.74211E-07   0.25099E-04   0.39241E-03   0.36848E-03   0.22075E-04   0.69723E-07  -0.15408E-10
       30.0   0.50743E-11   0.69769E-07   0.25116E-04   0.39191E-03   0.36679E-03   0.22006E-04   0.64264E-07   0.11226E-10
       30.0   0.14833E-09   0.17334E-06   0.53195E-04   0.72778E-03   0.58383E-03   0.28795E-04   0.73893E-07  -0.11861E-10
       30.0   0.20092E-10   0.16566E-06   0.50194E-04   0.69058E-03   0.55183E-03   0.28716E-04   0.70728E-07   0.10498E-10
       40.0   0.66127E-10   0.61443E-07   0.23552E-04   0.38310E-03   0.36520E-03   0.21455E-04   0.62066E-07   0.47325E-11
       40.0   0.10094E-11   0.58818E-07   0.23749E-04   0.38206E-03   0.36315E-03   0.21438E-04   0.57911E-07   0.83447E-11
       40.0   0.18314E-09   0.14740E-06   0.51495E-04   0.72681E-03   0.58759E-03   0.28280E-04   0.65709E-07   0.55671E-11
       40.0   0.11515E-10   0.14931E-06   0.49979E-04   0.70189E-03   0.56602E-03   0.28766E-04   0.65062E-07   0.77766E-11
       50.0   0.51596E-10   0.44230E-07   0.19953E-04   0.34299E-03   0.32856E-03   0.18548E-04   0.46007E-07   0.53153E-10
       50.0  -0.29973E-11   0.44366E-07   0.20388E-04   0.34168E-03   0.32687E-03   0.18735E-04   0.43858E-07   0.36919E-11
       50.0   0.15031E-09   0.11225E-06   0.45842E-04   0.67717E-03   0.54600E-03   0.25055E-04   0.48811E-07   0.48559E-10
       50.0   0.18046E-11   0.12450E-06   0.45912E-04   0.66415E-03   0.53617E-03   0.26307E-04   0.51319E-07   0.35359E-11
       60.0   0.19839E-10   0.28924E-07   0.16020E-04   0.29617E-03   0.28207E-03   0.14966E-04   0.28418E-07   0.11491E-09
       60.0  -0.52504E-11   0.31501E-07   0.16756E-04   0.29386E-03   0.28157E-03   0.15322E-04   0.28298E-07  -0.13140E-11
       60.0   0.69061E-10   0.82016E-07   0.39348E-04   0.61793E-03   0.49251E-03   0.21031E-04   0.30616E-07   0.10284E-09
       60.0  -0.23973E-11   0.10293E-06   0.41435E-04   0.61502E-03   0.49221E-03   0.22988E-04   0.35764E-07  -0.11461E-11
       70.0   0.12277E-10   0.18888E-07   0.12887E-04   0.25900E-03   0.24015E-03   0.11843E-04   0.14108E-07   0.16899E-09
       70.0  -0.60627E-11   0.23427E-07   0.14036E-04   0.25498E-03   0.24193E-03   0.12272E-04   0.15700E-07  -0.50901E-11
       70.0   0.62061E-10   0.63189E-07   0.34905E-04   0.57878E-03   0.44611E-03   0.17650E-04   0.16138E-07   0.14872E-09
       70.0  -0.24165E-11   0.91307E-07   0.38617E-04   0.57932E-03   0.45456E-03   0.19978E-04   0.23353E-07  -0.42785E-11
       80.0   0.20488E-10   0.15375E-07   0.10778E-04   0.23740E-03   0.20799E-03   0.97284E-05   0.50625E-08   0.18803E-09
       80.0  -0.65799E-11   0.20675E-07   0.12325E-04   0.22990E-03   0.21200E-03   0.10213E-04   0.77284E-08  -0.76163E-11
       80.0   0.83362E-10   0.61205E-07   0.32128E-04   0.56806E-03   0.41156E-03   0.15642E-04   0.74451E-08   0.16479E-09
       80.0  -0.30269E-11   0.91370E-07   0.37554E-04   0.56460E-03   0.43199E-03   0.18070E-04   0.15712E-07  -0.58419E-11
       90.0   0.26551E-10   0.16927E-07   0.10137E-04   0.23142E-03   0.19073E-03   0.87325E-05   0.14258E-08   0.16649E-09
       90.0  -0.64052E-11   0.22065E-07   0.12026E-04   0.22166E-03   0.19610E-03   0.93109E-05   0.47906E-08  -0.79357E-11
       90.0   0.10734E-09   0.70620E-07   0.32860E-04   0.58521E-03   0.40212E-03   0.15095E-04   0.45584E-08   0.15091E-09
       90.0  -0.41683E-11   0.10122E-06   0.38973E-04   0.57772E-03   0.42646E-03   0.17700E-04   0.13252E-07  -0.47397E-11
        0.0   0.00000E+00   0.00000E+00   0.00000E+00   0.00000E+00   0.00000E+00   0.00000E+00   0.00000E+00   0.00000E+00
        0.0   0.00000E+00   0.00000E+00   0.00000E+00   0.00000E+00   0.00000E+00   0.00000E+00   0.00000E+00   0.00000E+00
        0.0   0.00000E+00   0.00000E+00   0.00000E+00   0.00000E+00   0.00000E+00   0.00000E+00   0.00000E+00   0.00000E+00
        0.0   0.00000E+00   0.00000E+00   0.00000E+00   0.00000E+00   0.00000E+00   0.00000E+00   0.00000E+00   0.00000E+00
       10.0   0.00000E+00   0.00000E+00   0.00000E+00   0.00000E+00   0.00000E+00   0.00000E+00   0.00000E+00   0.00000E+00
       10.0   0.24126E-13  -0.16066E-11   0.23489E-08  -0.66332E-08   0.47160E-08  -0.53739E-09  -0.69329E-13  -0.72892E-14
       10.0   0.00000E+00   0.00000E+00   0.00000E+00   0.00000E+00   0.00000E+00   0.00000E+00   0.00000E+00   0.00000E+00
       10.0   0.85096E-13  -0.15187E-10   0.35762E-08   0.12722E-08   0.72708E-08  -0.17833E-08   0.13727E-11  -0.15411E-13
       20.0   0.00000E+00   0.00000E+00   0.00000E+00   0.00000E+00   0.00000E+00   0.00000E+00   0.00000E+00   0.00000E+00
       20.0   0.45353E-17  -0.10552E-11   0.21117E-08  -0.60067E-08   0.44405E-08  -0.60051E-09  -0.27933E-12  -0.20424E-13
       20.0   0.00000E+00   0.00000E+00   0.00000E+00   0.00000E+00   0.00000E+00   0.00000E+00   0.00000E+00   0.00000E+00
       20.0   0.49298E-13  -0.98073E-11   0.30509E-08   0.67763E-08   0.75511E-08  -0.17821E-08   0.71855E-12  -0.36976E-13
       30.0   0.00000E+00   0.00000E+00   0.00000E+00   0.00000E+00   0.00000E+00   0.00000E+00   0.00000E+00   0.00000E+00
       30.0  -0.29608E-13  -0.75262E-12   0.20720E-08  -0.63718E-08   0.48931E-08  -0.71249E-09  -0.82967E-12  -0.30247E-13
       30.0   0.00000E+00   0.00000E+00   0.00000E+00   0.00000E+00   0.00000E+00   0.00000E+00   0.00000E+00   0.00000E+00
       30.0  -0.62176E-13  -0.91176E-11   0.27093E-08   0.78953E-08   0.62293E-08  -0.20217E-08   0.17189E-13  -0.51664E-13
       40.0   0.00000E+00   0.00000E+00   0.00000E+00   0.00000E+00   0.00000E+00   0.00000E+00   0.00000E+00   0.00000E+00
       40.0  -0.62035E-13   0.97469E-12   0.20032E-08  -0.55701E-08   0.42689E-08  -0.68423E-09  -0.15413E-11  -0.41821E-13
       40.0   0.00000E+00   0.00000E+00   0.00000E+00   0.00000E+00   0.00000E+00   0.00000E+00   0.00000E+00   0.00000E+00
       40.0  -0.18404E-12  -0.52997E-11   0.27483E-08   0.78071E-08   0.57404E-08  -0.19315E-08  -0.81895E-12  -0.69730E-13
       50.0   0.00000E+00   0.00000E+00   0.00000E+00   0.00000E+00   0.00000E+00   0.00000E+00   0.00000E+00   0.00000E+00
       50.0  -0.98899E-13  -0.61872E-12   0.19940E-08  -0.64291E-08   0.51424E-08  -0.76570E-09  -0.12520E-11  -0.43567E-13
       50.0   0.00000E+00   0.00000E+00   0.00000E+00   0.00000E+00   0.00000E+00   0.00000E+00   0.00000E+00   0.00000E+00
       50.0  -0.36849E-12  -0.64858E-11   0.22090E-08   0.48192E-08   0.79941E-08  -0.21905E-08  -0.52567E-12  -0.72521E-13
       60.0   0.00000E+00   0.00000E+00   0.00000E+00   0.00000E+00   0.00000E+00   0.00000E+00   0.00000E+00   0.00000E+00
       60.0  -0.12873E-12  -0.13928E-11   0.17277E-08  -0.61244E-08   0.49210E-08  -0.58598E-09  -0.14431E-11  -0.56169E-13
       60.0   0.00000E+00   0.00000E+00   0.00000E+00   0.00000E+00   0.00000E+00   0.00000E+00   0.00000E+00   0.00000E+00
       60.0  -0.47554E-12  -0.10858E-10   0.16968E-08   0.45618E-08   0.69847E-08  -0.18895E-08  -0.74875E-12  -0.92068E-13
       70.0   0.00000E+00   0.00000E+00   0.00000E+00   0.00000E+00   0.00000E+00   0.00000E+00   0.00000E+00   0.00000E+00
       70.0  -0.14752E-12  -0.12209E-11   0.14708E-08  -0.58307E-08   0.46878E-08  -0.46171E-09  -0.12687E-11  -0.63193E-13
       70.0   0.00000E+00   0.00000E+00   0.00000E+00   0.00000E+00   0.00000E+00   0.00000E+00   0.00000E+00   0.00000E+00
       70.0  -0.53767E-12  -0.10464E-10   0.10611E-08   0.64928E-08   0.91868E-08  -0.17038E-08  -0.83978E-13  -0.10226E-12
       80.0   0.00000E+00   0.00000E+00   0.00000E+00   0.00000E+00   0.00000E+00   0.00000E+00   0.00000E+00   0.00000E+00
       80.0  -0.21659E-12  -0.28397E-12   0.12740E-08  -0.52650E-08   0.42343E-08  -0.40531E-09  -0.15844E-11  -0.80740E-13
       80.0   0.00000E+00   0.00000E+00   0.00000E+00   0.00000E+00   0.00000E+00   0.00000E+00   0.00000E+00   0.00000E+00
       80.0  -0.80037E-12  -0.57658E-11   0.19764E-09   0.73913E-08   0.57377E-08  -0.16236E-08  -0.48531E-12  -0.12795E-12
       90.0   0.00000E+00   0.00000E+00   0.00000E+00   0.00000E+00   0.00000E+00   0.00000E+00   0.00000E+00   0.00000E+00
       90.0  -0.22729E-12  -0.22664E-11   0.13374E-08  -0.60209E-08   0.47635E-08  -0.31519E-09  -0.13044E-11  -0.85889E-13
       90.0   0.00000E+00   0.00000E+00   0.00000E+00   0.00000E+00   0.00000E+00   0.00000E+00   0.00000E+00   0.00000E+00
       90.0  -0.80716E-12  -0.14965E-10   0.80443E-09   0.62781E-08   0.95723E-08  -0.16232E-08   0.25690E-12  -0.13762E-12
        0.0   0.00000E+00   0.00000E+00   0.00000E+00   0.00000E+00   0.00000E+00   0.00000E+00   0.00000E+00   0.00000E+00
        0.0   0.00000E+00   0.00000E+00   0.00000E+00   0.00000E+00   0.00000E+00   0.00000E+00   0.00000E+00   0.00000E+00
        0.0   0.00000E+00   0.00000E+00   0.00000E+00   0.00000E+00   0.00000E+00   0.00000E+00   0.00000E+00   0.00000E+00
        0.0   0.00000E+00   0.00000E+00   0.00000E+00   0.00000E+00   0.00000E+00   0.00000E+00   0.00000E+00   0.00000E+00
       10.0   0.00000E+00   0.00000E+00   0.00000E+00   0.00000E+00   0.00000E+00   0.00000E+00   0.00000E+00   0.00000E+00
       10.0   0.24126E-13  -0.16066E-11   0.23489E-08  -0.66332E-08   0.47160E-08  -0.53739E-09  -0.69329E-13  -0.72892E-14
       10.0   0.00000E+00   0.00000E+00   0.00000E+00   0.00000E+00   0.00000E+00   0.00000E+00   0.00000E+00   0.00000E+00
       10.0   0.85096E-13  -0.15187E-10   0.35762E-08   0.12722E-08   0.72708E-08  -0.17833E-08   0.13727E-11  -0.15411E-13
       20.0   0.00000E+00   0.00000E+00   0.00000E+00   0.00000E+00   0.00000E+00   0.00000E+00   0.00000E+00   0.00000E+00
       20.0   0.45353E-17  -0.10552E-11   0.21117E-08  -0.60067E-08   0.44405E-08  -0.60051E-09  -0.27933E-12  -0.20424E-13
       20.0   0.00000E+00   0.00000E+00   0.00000E+00   0.00000E+00   0.00000E+00   0.00000E+00   0.00000E+00   0.00000E+00
       20.0   0.49298E-13  -0.98073E-11   0.30509E-08   0.67763E-08   0.75511E-08  -0.17821E-08   0.71855E-12  -0.36976E-13
       30.0   0.00000E+00   0.00000E+00   0.00000E+00   0.00000E+00   0.00000E+00   0.00000E+00   0.00000E+00   0.00000E+00
       30.0  -0.29608E-13  -0.75262E-12   0.20720E-08  -0.63718E-08   0.48931E-08  -0.71249E-09  -0.82967E-12  -0.30247E-13
       30.0   0.00000E+00   0.00000E+00   0.00000E+00   0.00000E+00   0.00000E+00   0.00000E+00   0.00000E+00   0.00000E+00
       30.0  -0.62176E-13  -0.91176E-11   0.27093E-08   0.78953E-08   0.62293E-08  -0.20217E-08   0.17189E-13  -0.51664E-13
       40.0   0.00000E+00   0.00000E+00   0.00000E+00   0.00000E+00   0.00000E+00   0.00000E+00   0.00000E+00   0.00000E+00
       40.0  -0.62035E-13   0.97469E-12   0.20032E-08  -0.55701E-08   0.42689E-08  -0.68423E-09  -0.15413E-11  -0.41821E-13
       40.0   0.00000E+00   0.00000E+00   0.00000E+00   0.00000E+00   0.00000E+00   0.00000E+00   0.00000E+00   0.00000E+00
       40.0  -0.18404E-12  -0.52997E-11   0.27483E-08   0.78071E-08   0.57404E-08  -0.19315E-08  -0.81895E-12  -0.69730E-13
       50.0   0.00000E+00   0.00000E+00   0.00000E+00   0.00000E+00   0.00000E+00   0.00000E+00   0.00000E+00   0.00000E+00
       50.0  -0.98899E-13  -0.61872E-12   0.19940E-08  -0.64291E-08   0.51424E-08  -0.76570E-09  -0.12520E-11  -0.43567E-13
       50.0   0.00000E+00   0.00000E+00   0.00000E+00   0.00000E+00   0.00000E+00   0.00000E+00   0.00000E+00   0.00000E+00
       50.0  -0.36849E-12  -0.64858E-11   0.22090E-08   0.48192E-08   0.79941E-08  -0.21905E-08  -0.52567E-12  -0.72521E-13
       60.0   0.00000E+00   0.00000E+00   0.00000E+00   0.00000E+00   0.00000E+00   0.00000E+00   0.00000E+00   0.00000E+00
       60.0  -0.12873E-12  -0.13928E-11   0.17277E-08  -0.61244E-08   0.49210E-08  -0.58598E-09  -0.14431E-11  -0.56169E-13
       60.0   0.00000E+00   0.00000E+00   0.00000E+00   0.00000E+00   0.00000E+00   0.00000E+00   0.00000E+00   0.00000E+00
       60.0  -0.47554E-12  -0.10858E-10   0.16968E-08   0.45618E-08   0.69847E-08  -0.18895E-08  -0.74875E-12  -0.92068E-13
       70.0   0.00000E+00   0.00000E+00   0.00000E+00   0.00000E+00   0.00000E+00   0.00000E+00   0.00000E+00   0.00000E+00
       70.0  -0.14752E-12  -0.12209E-11   0.14708E-08  -0.58307E-08   0.46878E-08  -0.46171E-09  -0.12687E-11  -0.63193E-13
       70.0   0.00000E+00   0.00000E+00   0.00000E+00   0.00000E+00   0.00000E+00   0.00000E+00   0.00000E+00   0.00000E+00
       70.0  -0.53767E-12  -0.10464E-10   0.10611E-08   0.64928E-08   0.91868E-08  -0.17038E-08  -0.83978E-13  -0.10226E-12
       80.0   0.00000E+00   0.00000E+00   0.00000E+00   0.00000E+00   0.00000E+00   0.00000E+00   0.00000E+00   0.00000E+00
       80.0  -0.21659E-12  -0.28397E-12   0.12740E-08  -0.52650E-08   0.42343E-08  -0.40531E-09  -0.15844E-11  -0.80740E-13
       80.0   0.00000E+00   0.00000E+00   0.00000E+00   0.00000E+00   0.00000E+00   0.00000E+00   0.00000E+00   0.00000E+00
       80.0  -0.80037E-12  -0.57658E-11   0.19764E-09   0.73913E-08   0.57377E-08  -0.16236E-08  -0.48531E-12  -0.12795E-12
       90.0   0.00000E+00   0.00000E+00   0.00000E+00   0.00000E+00   0.00000E+00   0.00000E+00   0.00000E+00   0.00000E+00
       90.0  -0.22729E-12  -0.22664E-11   0.13374E-08  -0.60209E-08   0.47635E-08  -0.31519E-09  -0.13044E-11  -0.85889E-13
       90.0   0.00000E+00   0.00000E+00   0.00000E+00   0.00000E+00   0.00000E+00   0.00000E+00   0.00000E+00   0.00000E+00
       90.0  -0.80716E-12  -0.14965E-10   0.80443E-09   0.62781E-08   0.95723E-08  -0.16232E-08   0.25690E-12  -0.13762E-12
        0.0   0.00000E+00   0.00000E+00   0.00000E+00   0.00000E+00   0.00000E+00   0.00000E+00   0.00000E+00   0.00000E+00
        0.0   0.00000E+00   0.00000E+00   0.00000E+00   0.00000E+00   0.00000E+00   0.00000E+00   0.00000E+00   0.00000E+00
        0.0   0.00000E+00   0.00000E+00   0.00000E+00   0.00000E+00   0.00000E+00   0.00000E+00   0.00000E+00   0.00000E+00
        0.0   0.00000E+00   0.00000E+00   0.00000E+00   0.00000E+00   0.00000E+00   0.00000E+00   0.00000E+00   0.00000E+00
       10.0   0.00000E+00   0.00000E+00   0.00000E+00   0.00000E+00   0.00000E+00   0.00000E+00   0.00000E+00   0.00000E+00
       10.0   0.24126E-13  -0.16066E-11   0.23489E-08  -0.66332E-08   0.47160E-08  -0.53739E-09  -0.69329E-13  -0.72892E-14
       10.0   0.00000E+00   0.00000E+00   0.00000E+00   0.00000E+00   0.00000E+00   0.00000E+00   0.00000E+00   0.00000E+00
       10.0   0.85096E-13  -0.15187E-10   0.35762E-08   0.12722E-08   0.72708E-08  -0.17833E-08   0.13727E-11  -0.15411E-13
       20.0   0.00000E+00   0.00000E+00   0.00000E+00   0.00000E+00   0.00000E+00   0.00000E+00   0.00000E+00   0.00000E+00
       20.0   0.45353E-17  -0.10552E-11   0.21117E-08  -0.60067E-08   0.44405E-08  -0.60051E-09  -0.27933E-12  -0.20424E-13
       20.0   0.00000E+00   0.00000E+00   0.00000E+00   0.00000E+00   0.00000E+00   0.00000E+00   0.00000E+00   0.00000E+00
       20.0   0.49298E-13  -0.98073E-11   0.30509E-08   0.67763E-08   0.75511E-08  -0.17821E-08   0.71855E-12  -0.36976E-13
       30.0   0.00000E+00   0.00000E+00   0.00000E+00   0.00000E+00   0.00000E+00   0.00000E+00   0.00000E+00   0.00000E+00
       30.0  -0.29608E-13  -0.75262E-12   0.20720E-08  -0.63718E-08   0.48931E-08  -0.71249E-09  -0.82967E-12  -0.30247E-13
       30.0   0.00000E+00   0.00000E+00   0.00000E+00   0.00000E+00   0.00000E+00   0.00000E+00   0.00000E+00   0.00000E+00
       30.0  -0.62176E-13  -0.91176E-11   0.27093E-08   0.78953E-08   0.62293E-08  -0.20217E-08   0.17189E-13  -0.51664E-13
       40.0   0.00000E+00   0.00000E+00   0.00000E+00   0.00000E+00   0.00000E+00   0.00000E+00   0.00000E+00   0.00000E+00
       40.0  -0.62035E-13   0.97469E-12   0.20032E-08  -0.55701E-08   0.42689E-08  -0.68423E-09  -0.15413E-11  -0.41821E-13
       40.0   0.00000E+00   0.00000E+00   0.00000E+00   0.00000E+00   0.00000E+00   0.00000E+00   0.00000E+00   0.00000E+00
       40.0  -0.18404E-12  -0.52997E-11   0.27483E-08   0.78071E-08   0.57404E-08  -0.19315E-08  -0.81895E-12  -0.69730E-13
       50.0   0.00000E+00   0.00000E+00   0.00000E+00   0.00000E+00   0.00000E+00   0.00000E+00   0.00000E+00   0.00000E+00
       50.0  -0.98899E-13  -0.61872E-12   0.19940E-08  -0.64291E-08   0.51424E-08  -0.76570E-09  -0.12520E-11  -0.43567E-13
       50.0   0.00000E+00   0.00000E+00   0.00000E+00   0.00000E+00   0.00000E+00   0.00000E+00   0.00000E+00   0.00000E+00
       50.0  -0.36849E-12  -0.64858E-11   0.22090E-08   0.48192E-08   0.79941E-08  -0.21905E-08  -0.52567E-12  -0.72521E-13
       60.0   0.00000E+00   0.00000E+00   0.00000E+00   0.00000E+00   0.00000E+00   0.00000E+00   0.00000E+00   0.00000E+00
       60.0  -0.12873E-12  -0.13928E-11   0.17277E-08  -0.61244E-08   0.49210E-08  -0.58598E-09  -0.14431E-11  -0.56169E-13
       60.0   0.00000E+00   0.00000E+00   0.00000E+00   0.00000E+00   0.00000E+00   0.00000E+00   0.00000E+00   0.00000E+00
       60.0  -0.47554E-12  -0.10858E-10   0.16968E-08   0.45618E-08   0.69847E-08  -0.18895E-08  -0.74875E-12  -0.92068E-13
       70.0   0.00000E+00   0.00000E+00   0.00000E+00   0.00000E+00   0.00000E+00   0.00000E+00   0.00000E+00   0.00000E+00
       70.0  -0.14752E-12  -0.12209E-11   0.14708E-08  -0.58307E-08   0.46878E-08  -0.46171E-09  -0.12687E-11  -0.63193E-13
       70.0   0.00000E+00   0.00000E+00   0.00000E+00   0.00000E+00   0.00000E+00   0.00000E+00   0.00000E+00   0.00000E+00
       70.0  -0.53767E-12  -0.10464E-10   0.10611E-08   0.64928E-08   0.91868E-08  -0.17038E-08  -0.83978E-13  -0.10226E-12
       80.0   0.00000E+00   0.00000E+00   0.00000E+00   0.00000E+00   0.00000E+00   0.00000E+00   0.00000E+00   0.00000E+00
       80.0  -0.21659E-12  -0.28397E-12   0.12740E-08  -0.52650E-08   0.42343E-08  -0.40531E-09  -0.15844E-11  -0.80740E-13
       80.0   0.00000E+00   0.00000E+00   0.00000E+00   0.00000E+00   0.00000E+00   0.00000E+00   0.00000E+00   0.00000E+00
       80.0  -0.80037E-12  -0.57658E-11   0.19764E-09   0.73913E-08   0.57377E-08  -0.16236E-08  -0.48531E-12  -0.12795E-12
       90.0   0.00000E+00   0.00000E+00   0.00000E+00   0.00000E+00   0.00000E+00   0.00000E+00   0.00000E+00   0.00000E+00
       90.0  -0.22729E-12  -0.22664E-11   0.13374E-08  -0.60209E-08   0.47635E-08  -0.31519E-09  -0.13044E-11  -0.85889E-13
       90.0   0.00000E+00   0.00000E+00   0.00000E+00   0.00000E+00   0.00000E+00   0.00000E+00   0.00000E+00   0.00000E+00
       90.0  -0.80716E-12  -0.14965E-10   0.80443E-09   0.62781E-08   0.95723E-08  -0.16232E-08   0.25690E-12  -0.13762E-12
        0.0   0.00000E+00   0.00000E+00   0.00000E+00   0.00000E+00   0.00000E+00   0.00000E+00   0.00000E+00   0.00000E+00
        0.0   0.00000E+00   0.00000E+00   0.00000E+00   0.00000E+00   0.00000E+00   0.00000E+00   0.00000E+00   0.00000E+00
        0.0   0.00000E+00   0.00000E+00   0.00000E+00   0.00000E+00   0.00000E+00   0.00000E+00   0.00000E+00   0.00000E+00
        0.0   0.00000E+00   0.00000E+00   0.00000E+00   0.00000E+00   0.00000E+00   0.00000E+00   0.00000E+00   0.00000E+00
        0.0   0.00000E+00   0.00000E+00   0.00000E+00   0.00000E+00   0.00000E+00   0.00000E+00   0.00000E+00   0.00000E+00
        0.0   0.00000E+00   0.00000E+00   0.00000E+00   0.00000E+00   0.00000E+00   0.00000E+00   0.00000E+00   0.00000E+00
        0.0   0.00000E+00   0.00000E+00   0.00000E+00   0.00000E+00   0.00000E+00   0.00000E+00   0.00000E+00   0.00000E+00
        0.0   0.00000E+00   0.00000E+00   0.00000E+00   0.00000E+00   0.00000E+00   0.00000E+00   0.00000E+00   0.00000E+00
        0.0   0.00000E+00   0.00000E+00   0.00000E+00   0.00000E+00   0.00000E+00   0.00000E+00   0.00000E+00   0.00000E+00
        0.0   0.00000E+00   0.00000E+00   0.00000E+00   0.00000E+00   0.00000E+00   0.00000E+00   0.00000E+00   0.00000E+00
        0.0   0.00000E+00   0.00000E+00   0.00000E+00   0.00000E+00   0.00000E+00   0.00000E+00   0.00000E+00   0.00000E+00
        0.0   0.00000E+00   0.00000E+00   0.00000E+00   0.00000E+00   0.00000E+00   0.00000E+00   0.00000E+00   0.00000E+00
       10.0   0.00000E+00   0.00000E+00   0.00000E+00   0.00000E+00   0.00000E+00   0.00000E+00   0.00000E+00   0.00000E+00
       10.0   0.24128E-13  -0.16065E-11   0.23490E-08  -0.66331E-08   0.47160E-08  -0.53742E-09  -0.69403E-13  -0.72887E-14
       10.0   0.00000E+00   0.00000E+00   0.00000E+00   0.00000E+00   0.00000E+00   0.00000E+00   0.00000E+00   0.00000E+00
       10.0   0.85110E-13  -0.15186E-10   0.35769E-08   0.12710E-08   0.72739E-08  -0.17831E-08   0.13722E-11  -0.15411E-13
       20.0   0.00000E+00   0.00000E+00   0.00000E+00   0.00000E+00   0.00000E+00   0.00000E+00   0.00000E+00   0.00000E+00
       20.0   0.93041E-17  -0.10554E-11   0.21117E-08  -0.60066E-08   0.44405E-08  -0.60054E-09  -0.27943E-12  -0.20423E-13
       20.0   0.00000E+00   0.00000E+00   0.00000E+00   0.00000E+00   0.00000E+00   0.00000E+00   0.00000E+00   0.00000E+00
       20.0   0.49334E-13  -0.98058E-11   0.30521E-08   0.67738E-08   0.75542E-08  -0.17817E-08   0.71785E-12  -0.36975E-13
       30.0   0.00000E+00   0.00000E+00   0.00000E+00   0.00000E+00   0.00000E+00   0.00000E+00   0.00000E+00   0.00000E+00
       30.0  -0.29603E-13  -0.75335E-12   0.20720E-08  -0.63716E-08   0.48930E-08  -0.71256E-09  -0.82977E-12  -0.30244E-13
       30.0   0.00000E+00   0.00000E+00   0.00000E+00   0.00000E+00   0.00000E+00   0.00000E+00   0.00000E+00   0.00000E+00
       30.0  -0.62147E-13  -0.91194E-11   0.27111E-08   0.78942E-08   0.62319E-08  -0.20211E-08   0.16353E-13  -0.51662E-13
       40.0   0.00000E+00   0.00000E+00   0.00000E+00   0.00000E+00   0.00000E+00   0.00000E+00   0.00000E+00   0.00000E+00
       40.0  -0.62027E-13   0.97382E-12   0.20032E-08  -0.55698E-08   0.42687E-08  -0.68433E-09  -0.15414E-11  -0.41818E-13
       40.0   0.00000E+00   0.00000E+00   0.00000E+00   0.00000E+00   0.00000E+00   0.00000E+00   0.00000E+00   0.00000E+00
       40.0  -0.18397E-12  -0.53018E-11   0.27509E-08   0.78097E-08   0.57436E-08  -0.19306E-08  -0.82008E-12  -0.69729E-13
       50.0   0.00000E+00   0.00000E+00   0.00000E+00   0.00000E+00   0.00000E+00   0.00000E+00   0.00000E+00   0.00000E+00
       50.0  -0.98899E-13  -0.61872E-12   0.19941E-08  -0.64296E-08   0.51431E-08  -0.76591E-09  -0.12519E-11  -0.43566E-13
       50.0   0.00000E+00   0.00000E+00   0.00000E+00   0.00000E+00   0.00000E+00   0.00000E+00   0.00000E+00   0.00000E+00
       50.0  -0.36851E-12  -0.64786E-11   0.22123E-08   0.48171E-08   0.80067E-08  -0.21897E-08  -0.52633E-12  -0.72525E-13
       60.0   0.00000E+00   0.00000E+00   0.00000E+00   0.00000E+00   0.00000E+00   0.00000E+00   0.00000E+00   0.00000E+00
       60.0  -0.12873E-12  -0.13932E-11   0.17278E-08  -0.61244E-08   0.49212E-08  -0.58620E-09  -0.14431E-11  -0.56168E-13
       60.0   0.00000E+00   0.00000E+00   0.00000E+00   0.00000E+00   0.00000E+00   0.00000E+00   0.00000E+00   0.00000E+00
       60.0  -0.47557E-12  -0.10856E-10   0.17011E-08   0.45631E-08   0.70005E-08  -0.18885E-08  -0.75022E-12  -0.92075E-13
       70.0   0.00000E+00   0.00000E+00   0.00000E+00   0.00000E+00   0.00000E+00   0.00000E+00   0.00000E+00   0.00000E+00
       70.0  -0.14750E-12  -0.12206E-11   0.14710E-08  -0.58313E-08   0.46885E-08  -0.46200E-09  -0.12684E-11  -0.63189E-13
       70.0   0.00000E+00   0.00000E+00   0.00000E+00   0.00000E+00   0.00000E+00   0.00000E+00   0.00000E+00   0.00000E+00
       70.0  -0.53762E-12  -0.10454E-10   0.10663E-08   0.64941E-08   0.92119E-08  -0.17027E-08  -0.84397E-13  -0.10226E-12
       80.0   0.00000E+00   0.00000E+00   0.00000E+00   0.00000E+00   0.00000E+00   0.00000E+00   0.00000E+00   0.00000E+00
       80.0  -0.21662E-12  -0.28324E-12   0.12742E-08  -0.52667E-08   0.42359E-08  -0.40560E-09  -0.15840E-11  -0.80740E-13
       80.0   0.00000E+00   0.00000E+00   0.00000E+00   0.00000E+00   0.00000E+00   0.00000E+00   0.00000E+00   0.00000E+00
       80.0  -0.80062E-12  -0.57534E-11   0.20354E-09   0.73871E-08   0.57694E-08  -0.16218E-08  -0.48521E-12  -0.12796E-12
       90.0   0.00000E+00   0.00000E+00   0.00000E+00   0.00000E+00   0.00000E+00   0.00000E+00   0.00000E+00   0.00000E+00
       90.0  -0.22730E-12  -0.22652E-11   0.13376E-08  -0.60236E-08   0.47660E-08  -0.31553E-09  -0.13043E-11  -0.85879E-13
       90.0   0.00000E+00   0.00000E+00   0.00000E+00   0.00000E+00   0.00000E+00   0.00000E+00   0.00000E+00   0.00000E+00
       90.0  -0.80727E-12  -0.14951E-10   0.81088E-09   0.62642E-08   0.96106E-08  -0.16215E-08   0.25502E-12  -0.13761E-12
        0.0   0.00000E+00   0.00000E+00   0.00000E+00   0.00000E+00   0.00000E+00   0.00000E+00   0.00000E+00   0.00000E+00
        0.0   0.00000E+00   0.00000E+00   0.00000E+00   0.00000E+00   0.00000E+00   0.00000E+00   0.00000E+00   0.00000E+00
        0.0   0.00000E+00   0.00000E+00   0.00000E+00   0.00000E+00   0.00000E+00   0.00000E+00   0.00000E+00   0.00000E+00
        0.0   0.00000E+00   0.00000E+00   0.00000E+00   0.00000E+00   0.00000E+00   0.00000E+00   0.00000E+00   0.00000E+00
       10.0   0.00000E+00   0.00000E+00   0.00000E+00   0.00000E+00   0.00000E+00   0.00000E+00   0.00000E+00   0.00000E+00
       10.0   0.24128E-13  -0.16065E-11   0.23490E-08  -0.66331E-08   0.47160E-08  -0.53742E-09  -0.69403E-13  -0.72887E-14
       10.0   0.00000E+00   0.00000E+00   0.00000E+00   0.00000E+00   0.00000E+00   0.00000E+00   0.00000E+00   0.00000E+00
       10.0   0.85110E-13  -0.15186E-10   0.35769E-08   0.12710E-08   0.72739E-08  -0.17831E-08   0.13722E-11  -0.15411E-13
       20.0   0.00000E+00   0.00000E+00   0.00000E+00   0.00000E+00   0.00000E+00   0.00000E+00   0.00000E+00   0.00000E+00
       20.0   0.93041E-17  -0.10554E-11   0.21117E-08  -0.60066E-08   0.44405E-08  -0.60054E-09  -0.27943E-12  -0.20423E-13
       20.0   0.00000E+00   0.00000E+00   0.00000E+00   0.00000E+00   0.00000E+00   0.00000E+00   0.00000E+00   0.00000E+00
       20.0   0.49334E-13  -0.98058E-11   0.30521E-08   0.67738E-08   0.75542E-08  -0.17817E-08   0.71785E-12  -0.36975E-13
       30.0   0.00000E+00   0.00000E+00   0.00000E+00   0.00000E+00   0.00000E+00   0.00000E+00   0.00000E+00   0.00000E+00
       30.0  -0.29603E-13  -0.75335E-12   0.20720E-08  -0.63716E-08   0.48930E-08  -0.71256E-09  -0.82977E-12  -0.30244E-13
       30.0   0.00000E+00   0.00000E+00   0.00000E+00   0.00000E+00   0.00000E+00   0.00000E+00   0.00000E+00   0.00000E+00
       30.0  -0.62147E-13  -0.91194E-11   0.27111E-08   0.78942E-08   0.62319E-08  -0.20211E-08   0.16353E-13  -0.51662E-13
       40.0   0.00000E+00   0.00000E+00   0.00000E+00   0.00000E+00   0.00000E+00   0.00000E+00   0.00000E+00   0.00000E+00
       40.0  -0.62027E-13   0.97382E-12   0.20032E-08  -0.55698E-08   0.42687E-08  -0.68433E-09  -0.15414E-11  -0.41818E-13
       40.0   0.00000E+00   0.00000E+00   0.00000E+00   0.00000E+00   0.00000E+00   0.00000E+00   0.00000E+00   0.00000E+00
       40.0  -0.18397E-12  -0.53018E-11   0.27509E-08   0.78097E-08   0.57436E-08  -0.19306E-08  -0.82008E-12  -0.69729E-13
       50.0   0.00000E+00   0.00000E+00   0.00000E+00   0.00000E+00   0.00000E+00   0.00000E+00   0.00000E+00   0.00000E+00
       50.0  -0.98899E-13  -0.61872E-12   0.19941E-08  -0.64296E-08   0.51431E-08  -0.76591E-09  -0.12519E-11  -0.43566E-13
       50.0   0.00000E+00   0.00000E+00   0.00000E+00   0.00000E+00   0.00000E+00   0.00000E+00   0.00000E+00   0.00000E+00
       50.0  -0.36851E-12  -0.64786E-11   0.22123E-08   0.48171E-08   0.80067E-08  -0.21897E-08  -0.52633E-12  -0.72525E-13
       60.0   0.00000E+00   0.00000E+00   0.00000E+00   0.00000E+00   0.00000E+00   0.00000E+00   0.00000E+00   0.00000E+00
       60.0  -0.12873E-12  -0.13932E-11   0.17278E-08  -0.61244E-08   0.49212E-08  -0.58620E-09  -0.14431E-11  -0.56168E-13
       60.0   0.00000E+00   0.00000E+00   0.00000E+00   0.00000E+00   0.00000E+00   0.00000E+00   0.00000E+00   0.00000E+00
       60.0  -0.47557E-12  -0.10856E-10   0.17011E-08   0.45631E-08   0.70005E-08  -0.18885E-08  -0.75022E-12  -0.92075E-13
       70.0   0.00000E+00   0.00000E+00   0.00000E+00   0.00000E+00   0.00000E+00   0.00000E+00   0.00000E+00   0.00000E+00
       70.0  -0.14750E-12  -0.12206E-11   0.14710E-08  -0.58313E-08   0.46885E-08  -0.46200E-09  -0.12684E-11  -0.63189E-13
       70.0   0.00000E+00   0.00000E+00   0.00000E+00   0.00000E+00   0.00000E+00   0.00000E+00   0.00000E+00   0.00000E+00
       70.0  -0.53762E-12  -0.10454E-10   0.10663E-08   0.64941E-08   0.92119E-08  -0.17027E-08  -0.84397E-13  -0.10226E-12
       80.0   0.00000E+00   0.00000E+00   0.00000E+00   0.00000E+00   0.00000E+00   0.00000E+00   0.00000E+00   0.00000E+00
       80.0  -0.21662E-12  -0.28324E-12   0.12742E-08  -0.52667E-08   0.42359E-08  -0.40560E-09  -0.15840E-11  -0.80740E-13
       80.0   0.00000E+00   0.00000E+00   0.00000E+00   0.00000E+00   0.00000E+00   0.00000E+00   0.00000E+00   0.00000E+00
       80.0  -0.80062E-12  -0.57534E-11   0.20354E-09   0.73871E-08   0.57694E-08  -0.16218E-08  -0.48521E-12  -0.12796E-12
       90.0   0.00000E+00   0.00000E+00   0.00000E+00   0.00000E+00   0.00000E+00   0.00000E+00   0.00000E+00   0.00000E+00
       90.0  -0.22730E-12  -0.22652E-11   0.13376E-08  -0.60236E-08   0.47660E-08  -0.31553E-09  -0.13043E-11  -0.85879E-13
       90.0   0.00000E+00   0.00000E+00   0.00000E+00   0.00000E+00   0.00000E+00   0.00000E+00   0.00000E+00   0.00000E+00
       90.0  -0.80727E-12  -0.14951E-10   0.81088E-09   0.62642E-08   0.96106E-08  -0.16215E-08   0.25502E-12  -0.13761E-12
