        0.0   0.00000E+00   0.00000E+00   0.00000E+00   0.00000E+00   0.00000E+00   0.00000E+00   0.00000E+00   0.00000E+00   0.00000E+00   0.00000E+00   0.00000E+00   0.00000E+00
       10.0   0.98584E-04   0.98261E-04   0.00000E+00   0.16838E-03   0.15353E-03   0.00000E+00  -0.41769E-08  -0.37209E-08   0.00000E+00  -0.13835E-07  -0.89651E-08   0.00000E+00
        0.0   0.00000E+00   0.00000E+00   0.00000E+00   0.00000E+00   0.00000E+00   0.00000E+00   0.00000E+00   0.00000E+00   0.00000E+00   0.00000E+00   0.00000E+00   0.00000E+00
       10.0   0.98584E-04   0.98261E-04   0.00000E+00   0.16838E-03   0.15353E-03   0.00000E+00  -0.41769E-08  -0.37209E-08   0.00000E+00  -0.13835E-07  -0.89651E-08   0.00000E+00
       20.0   0.17134E-03   0.17084E-03   0.00000E+00   0.29128E-03   0.27112E-03   0.00000E+00  -0.21262E-07  -0.21268E-07   0.00000E+00  -0.37642E-07  -0.51404E-07   0.00000E+00
       30.0   0.20140E-03   0.20081E-03   0.00000E+00   0.34433E-03   0.32652E-03   0.00000E+00  -0.59415E-07  -0.50909E-07   0.00000E+00  -0.10608E-06  -0.12559E-06   0.00000E+00
       40.0   0.19787E-03   0.19712E-03   0.00000E+00   0.34463E-03   0.33293E-03   0.00000E+00  -0.10436E-06  -0.81828E-07   0.00000E+00  -0.21716E-06  -0.20195E-06   0.00000E+00
       50.0   0.17716E-03   0.17655E-03   0.00000E+00   0.31989E-03   0.31463E-03   0.00000E+00  -0.11384E-06  -0.10818E-06   0.00000E+00  -0.32124E-06  -0.26744E-06   0.00000E+00
       60.0   0.15198E-03   0.15157E-03   0.00000E+00   0.28933E-03   0.28957E-03   0.00000E+00  -0.13936E-06  -0.12844E-06   0.00000E+00  -0.39844E-06  -0.31608E-06   0.00000E+00
       70.0   0.13056E-03   0.13046E-03   0.00000E+00   0.26590E-03   0.26973E-03   0.00000E+00  -0.15245E-06  -0.14361E-06   0.00000E+00  -0.51104E-06  -0.35399E-06   0.00000E+00
       80.0   0.11586E-03   0.11566E-03   0.00000E+00   0.25299E-03   0.25947E-03   0.00000E+00  -0.14914E-06  -0.15381E-06   0.00000E+00  -0.65267E-06  -0.37793E-06   0.00000E+00
       90.0   0.10942E-03   0.10914E-03   0.00000E+00   0.25439E-03   0.26118E-03   0.00000E+00  -0.16401E-06  -0.16313E-06   0.00000E+00  -0.82699E-06  -0.40225E-06   0.00000E+00
        0.0   0.00000E+00   0.00000E+00   0.00000E+00   0.00000E+00   0.00000E+00   0.00000E+00   0.00000E+00   0.00000E+00   0.00000E+00   0.00000E+00   0.00000E+00   0.00000E+00
       10.0   0.98584E-04   0.98261E-04   0.00000E+00   0.16838E-03   0.15353E-03   0.00000E+00  -0.41769E-08  -0.37209E-08   0.00000E+00  -0.13835E-07  -0.89651E-08   0.00000E+00
       20.0   0.17134E-03   0.17084E-03   0.00000E+00   0.29128E-03   0.27112E-03   0.00000E+00  -0.21262E-07  -0.21268E-07   0.00000E+00  -0.37642E-07  -0.51404E-07   0.00000E+00
       30.0   0.20140E-03   0.20081E-03   0.00000E+00   0.34433E-03   0.32652E-03   0.00000E+00  -0.59415E-07  -0.50909E-07   0.00000E+00  -0.10608E-06  -0.12559E-06   0.00000E+00
       40.0   0.19787E-03   0.19712E-03   0.00000E+00   0.34463E-03   0.33293E-03   0.00000E+00  -0.10436E-06  -0.81828E-07   0.00000E+00  -0.21716E-06  -0.20195E-06   0.00000E+00
       50.0   0.17716E-03   0.17655E-03   0.00000E+00   0.31989E-03   0.31463E-03   0.00000E+00  -0.11384E-06  -0.10818E-06   0.00000E+00  -0.32124E-06  -0.26744E-06   0.00000E+00
       60.0   0.15198E-03   0.15157E-03   0.00000E+00   0.28933E-03   0.28957E-03   0.00000E+00  -0.13936E-06  -0.12844E-06   0.00000E+00  -0.39844E-06  -0.31608E-06   0.00000E+00
       70.0   0.13056E-03   0.13046E-03   0.00000E+00   0.26590E-03   0.26973E-03   0.00000E+00  -0.15245E-06  -0.14361E-06   0.00000E+00  -0.51104E-06  -0.35399E-06   0.00000E+00
       80.0   0.11586E-03   0.11566E-03   0.00000E+00   0.25299E-03   0.25947E-03   0.00000E+00  -0.14914E-06  -0.15381E-06   0.00000E+00  -0.65267E-06  -0.37793E-06   0.00000E+00
       90.0   0.10942E-03   0.10914E-03   0.00000E+00   0.25439E-03   0.26118E-03   0.00000E+00  -0.16401E-06  -0.16313E-06   0.00000E+00  -0.82699E-06  -0.40225E-06   0.00000E+00
        0.0   0.00000E+00   0.00000E+00   0.00000E+00   0.00000E+00   0.00000E+00   0.00000E+00   0.00000E+00   0.00000E+00   0.00000E+00   0.00000E+00   0.00000E+00   0.00000E+00
       10.0   0.98584E-04   0.22134E-05   0.00000E+00   0.16838E-03   0.29634E-05   0.00000E+00  -0.41769E-08  -0.25931E-10   0.00000E+00  -0.13835E-07  -0.18513E-09   0.00000E+00
       20.0   0.17134E-03   0.37860E-05   0.00000E+00   0.29128E-03   0.41471E-05   0.00000E+00  -0.21262E-07  -0.18448E-09   0.00000E+00  -0.37642E-07  -0.12081E-08   0.00000E+00
       30.0   0.20140E-03   0.32042E-05   0.00000E+00   0.34433E-03   0.51434E-05   0.00000E+00  -0.59415E-07  -0.11152E-08   0.00000E+00  -0.10608E-06  -0.23073E-08   0.00000E+00
       40.0   0.19787E-03   0.27185E-05   0.00000E+00   0.34463E-03   0.61560E-05   0.00000E+00  -0.10436E-06  -0.16653E-08   0.00000E+00  -0.21716E-06  -0.28166E-08   0.00000E+00
       50.0   0.17716E-03   0.27578E-05   0.00000E+00   0.31989E-03   0.59008E-05   0.00000E+00  -0.11384E-06  -0.13886E-08   0.00000E+00  -0.32124E-06  -0.26814E-08   0.00000E+00
       60.0   0.15198E-03   0.24228E-05   0.00000E+00   0.28933E-03   0.61228E-05   0.00000E+00  -0.13936E-06  -0.20954E-08   0.00000E+00  -0.39844E-06  -0.57900E-08   0.00000E+00
       70.0   0.13056E-03   0.21032E-05   0.00000E+00   0.26590E-03   0.39870E-05   0.00000E+00  -0.15245E-06  -0.24233E-08   0.00000E+00  -0.51104E-06  -0.64576E-08   0.00000E+00
       80.0   0.11586E-03   0.24613E-05   0.00000E+00   0.25299E-03   0.41301E-05   0.00000E+00  -0.14914E-06  -0.23842E-08   0.00000E+00  -0.65267E-06  -0.60412E-08   0.00000E+00
       90.0   0.10942E-03   0.19980E-05   0.00000E+00   0.25439E-03   0.41000E-05   0.00000E+00  -0.16401E-06  -0.27121E-08   0.00000E+00  -0.82699E-06  -0.73417E-08   0.00000E+00
        0.0   0.00000E+00   0.00000E+00   0.00000E+00   0.00000E+00   0.00000E+00   0.00000E+00   0.00000E+00   0.00000E+00   0.00000E+00   0.00000E+00   0.00000E+00   0.00000E+00
       10.0   0.75219E-04   0.17983E-05   0.00000E+00   0.12745E-03   0.27303E-05   0.00000E+00  -0.32026E-08  -0.41107E-11   0.00000E+00  -0.10558E-07  -0.23473E-11   0.00000E+00
       20.0   0.13065E-03   0.23775E-05   0.00000E+00   0.22013E-03   0.50645E-05   0.00000E+00  -0.15313E-07   0.87021E-10   0.00000E+00  -0.25208E-07  -0.23188E-09   0.00000E+00
       30.0   0.15315E-03   0.36261E-05   0.00000E+00   0.25909E-03   0.44601E-05   0.00000E+00  -0.43211E-07  -0.27763E-09   0.00000E+00  -0.72875E-07   0.58030E-09   0.00000E+00
       40.0   0.15101E-03   0.26670E-05   0.00000E+00   0.25954E-03   0.45752E-05   0.00000E+00  -0.75895E-07  -0.14779E-08   0.00000E+00  -0.15282E-06  -0.22987E-08   0.00000E+00
       50.0   0.13593E-03   0.27748E-05   0.00000E+00   0.24120E-03   0.34919E-05   0.00000E+00  -0.79753E-07  -0.17143E-08   0.00000E+00  -0.22960E-06  -0.25148E-08   0.00000E+00
       60.0   0.11660E-03   0.18497E-05   0.00000E+00   0.21691E-03   0.49968E-05   0.00000E+00  -0.97138E-07  -0.12102E-08   0.00000E+00  -0.28445E-06  -0.22002E-08   0.00000E+00
       70.0   0.10038E-03   0.17440E-05   0.00000E+00   0.19854E-03   0.34933E-05   0.00000E+00  -0.10588E-06  -0.19031E-08   0.00000E+00  -0.37118E-06  -0.41114E-08   0.00000E+00
       80.0   0.89597E-04   0.19158E-05   0.00000E+00   0.18881E-03   0.47655E-05   0.00000E+00  -0.10250E-06  -0.21662E-08   0.00000E+00  -0.47917E-06  -0.53535E-08   0.00000E+00
       90.0   0.84666E-04   0.22387E-05   0.00000E+00   0.18917E-03   0.49168E-05   0.00000E+00  -0.11480E-06  -0.21381E-08   0.00000E+00  -0.61863E-06  -0.72575E-08   0.00000E+00
        0.0   0.00000E+00   0.00000E+00   0.00000E+00   0.00000E+00   0.00000E+00   0.00000E+00   0.00000E+00   0.00000E+00   0.00000E+00   0.00000E+00   0.00000E+00   0.00000E+00
       10.0   0.98584E-04   0.22264E-05   0.00000E+00   0.16838E-03   0.30864E-05   0.00000E+00  -0.41769E-08  -0.75849E-10   0.00000E+00  -0.13835E-07   0.73734E-10   0.00000E+00
       20.0   0.17134E-03   0.32228E-05   0.00000E+00   0.29128E-03   0.44719E-05   0.00000E+00  -0.21262E-07  -0.26830E-09   0.00000E+00  -0.37642E-07  -0.82957E-09   0.00000E+00
       30.0   0.20140E-03   0.31191E-05   0.00000E+00   0.34433E-03   0.55945E-05   0.00000E+00  -0.59415E-07  -0.10178E-08   0.00000E+00  -0.10608E-06  -0.48977E-09   0.00000E+00
       40.0   0.19787E-03   0.27512E-05   0.00000E+00   0.34463E-03   0.68077E-05   0.00000E+00  -0.10436E-06  -0.10753E-08   0.00000E+00  -0.21716E-06  -0.13177E-08   0.00000E+00
       50.0   0.17716E-03   0.26218E-05   0.00000E+00   0.31989E-03   0.49920E-05   0.00000E+00  -0.11384E-06  -0.15464E-08   0.00000E+00  -0.32124E-06  -0.38366E-08   0.00000E+00
       60.0   0.15198E-03   0.31032E-05   0.00000E+00   0.28933E-03   0.57145E-05   0.00000E+00  -0.13936E-06  -0.20166E-08   0.00000E+00  -0.39844E-06  -0.39008E-08   0.00000E+00
       70.0   0.13056E-03   0.13705E-05   0.00000E+00   0.26590E-03   0.51640E-05   0.00000E+00  -0.15245E-06  -0.27050E-08   0.00000E+00  -0.51104E-06  -0.54421E-08   0.00000E+00
       80.0   0.11586E-03   0.17341E-05   0.00000E+00   0.25299E-03   0.50617E-05   0.00000E+00  -0.14914E-06  -0.30554E-08   0.00000E+00  -0.65267E-06  -0.76428E-08   0.00000E+00
       90.0   0.10942E-03   0.21911E-05   0.00000E+00   0.25439E-03   0.46386E-05   0.00000E+00  -0.16401E-06  -0.24321E-08   0.00000E+00  -0.82699E-06  -0.50419E-08   0.00000E+00
        0.0   0.00000E+00   0.00000E+00   0.00000E+00   0.00000E+00   0.00000E+00   0.00000E+00   0.00000E+00   0.00000E+00   0.00000E+00   0.00000E+00   0.00000E+00   0.00000E+00
       10.0   0.98584E-04   0.13217E-05   0.00000E+00   0.16838E-03   0.24301E-05   0.00000E+00  -0.41769E-08  -0.42085E-10   0.00000E+00  -0.13835E-07  -0.13501E-09   0.00000E+00
       20.0   0.17134E-03   0.24103E-05   0.00000E+00   0.29128E-03   0.35189E-05   0.00000E+00  -0.21262E-07  -0.31563E-09   0.00000E+00  -0.37642E-07  -0.57783E-09   0.00000E+00
       30.0   0.20140E-03   0.33396E-05   0.00000E+00   0.34433E-03   0.59291E-05   0.00000E+00  -0.59415E-07  -0.58246E-09   0.00000E+00  -0.10608E-06  -0.27030E-08   0.00000E+00
       40.0   0.19787E-03   0.34441E-05   0.00000E+00   0.34463E-03   0.52204E-05   0.00000E+00  -0.10436E-06  -0.15184E-08   0.00000E+00  -0.21716E-06  -0.42801E-08   0.00000E+00
       50.0   0.17716E-03   0.29773E-05   0.00000E+00   0.31989E-03   0.71531E-05   0.00000E+00  -0.11384E-06  -0.14017E-08   0.00000E+00  -0.32124E-06  -0.40032E-08   0.00000E+00
       60.0   0.15198E-03   0.25161E-05   0.00000E+00   0.28933E-03   0.54442E-05   0.00000E+00  -0.13936E-06  -0.19102E-08   0.00000E+00  -0.39844E-06  -0.60861E-08   0.00000E+00
       70.0   0.13056E-03   0.19518E-05   0.00000E+00   0.26590E-03   0.42902E-05   0.00000E+00  -0.15245E-06  -0.19574E-08   0.00000E+00  -0.51104E-06  -0.41521E-08   0.00000E+00
       80.0   0.11586E-03   0.15041E-05   0.00000E+00   0.25299E-03   0.34096E-05   0.00000E+00  -0.14914E-06  -0.28289E-08   0.00000E+00  -0.65267E-06  -0.56207E-08   0.00000E+00
       90.0   0.10942E-03   0.15887E-05   0.00000E+00   0.25439E-03   0.28976E-05   0.00000E+00  -0.16401E-06  -0.28065E-08   0.00000E+00  -0.82699E-06  -0.10437E-07   0.00000E+00
        0.0   0.00000E+00   0.00000E+00   0.00000E+00   0.00000E+00   0.00000E+00   0.00000E+00   0.00000E+00   0.00000E+00   0.00000E+00   0.00000E+00   0.00000E+00   0.00000E+00
       10.0   0.98584E-04   0.98261E-04   0.00000E+00   0.16838E-03   0.15353E-03   0.00000E+00  -0.41769E-08  -0.37209E-08   0.00000E+00  -0.13835E-07  -0.89651E-08   0.00000E+00
       20.0   0.17134E-03   0.17084E-03   0.00000E+00   0.29128E-03   0.27112E-03   0.00000E+00  -0.21262E-07  -0.21268E-07   0.00000E+00  -0.37642E-07  -0.51404E-07   0.00000E+00
       30.0   0.20140E-03   0.20081E-03   0.00000E+00   0.34433E-03   0.32652E-03   0.00000E+00  -0.59415E-07  -0.50909E-07   0.00000E+00  -0.10608E-06  -0.12559E-06   0.00000E+00
       40.0   0.19787E-03   0.19712E-03   0.00000E+00   0.34463E-03   0.33293E-03   0.00000E+00  -0.10436E-06  -0.81828E-07   0.00000E+00  -0.21716E-06  -0.20195E-06   0.00000E+00
       50.0   0.17716E-03   0.17655E-03   0.00000E+00   0.31989E-03   0.31463E-03   0.00000E+00  -0.11384E-06  -0.10818E-06   0.00000E+00  -0.32124E-06  -0.26744E-06   0.00000E+00
       60.0   0.15198E-03   0.15157E-03   0.00000E+00   0.28933E-03   0.28957E-03   0.00000E+00  -0.13936E-06  -0.12844E-06   0.00000E+00  -0.39844E-06  -0.31608E-06   0.00000E+00
       70.0   0.13056E-03   0.13046E-03   0.00000E+00   0.26590E-03   0.26973E-03   0.00000E+00  -0.15245E-06  -0.14361E-06   0.00000E+00  -0.51104E-06  -0.35399E-06   0.00000E+00
       80.0   0.11586E-03   0.11566E-03   0.00000E+00   0.25299E-03   0.25947E-03   0.00000E+00  -0.14914E-06  -0.15381E-06   0.00000E+00  -0.65267E-06  -0.37793E-06   0.00000E+00
       90.0   0.10942E-03   0.10914E-03   0.00000E+00   0.25439E-03   0.26118E-03   0.00000E+00  -0.16401E-06  -0.16313E-06   0.00000E+00  -0.82699E-06  -0.40225E-06   0.00000E+00
        0.0   0.00000E+00   0.00000E+00   0.00000E+00   0.00000E+00   0.00000E+00   0.00000E+00   0.00000E+00   0.00000E+00   0.00000E+00   0.00000E+00   0.00000E+00   0.00000E+00
       10.0   0.98584E-04   0.98261E-04   0.00000E+00   0.16838E-03   0.15353E-03   0.00000E+00  -0.41769E-08  -0.37209E-08   0.00000E+00  -0.13835E-07  -0.89651E-08   0.00000E+00
       20.0   0.17134E-03   0.17084E-03   0.00000E+00   0.29128E-03   0.27112E-03   0.00000E+00  -0.21262E-07  -0.21268E-07   0.00000E+00  -0.37642E-07  -0.51404E-07   0.00000E+00
       30.0   0.20140E-03   0.20081E-03   0.00000E+00   0.34433E-03   0.32652E-03   0.00000E+00  -0.59415E-07  -0.50909E-07   0.00000E+00  -0.10608E-06  -0.12559E-06   0.00000E+00
       40.0   0.19787E-03   0.19712E-03   0.00000E+00   0.34463E-03   0.33293E-03   0.00000E+00  -0.10436E-06  -0.81828E-07   0.00000E+00  -0.21716E-06  -0.20195E-06   0.00000E+00
       50.0   0.17716E-03   0.17655E-03   0.00000E+00   0.31989E-03   0.31463E-03   0.00000E+00  -0.11384E-06  -0.10818E-06   0.00000E+00  -0.32124E-06  -0.26744E-06   0.00000E+00
       60.0   0.15198E-03   0.15157E-03   0.00000E+00   0.28933E-03   0.28957E-03   0.00000E+00  -0.13936E-06  -0.12844E-06   0.00000E+00  -0.39844E-06  -0.31608E-06   0.00000E+00
       70.0   0.13056E-03   0.13046E-03   0.00000E+00   0.26590E-03   0.26973E-03   0.00000E+00  -0.15245E-06  -0.14361E-06   0.00000E+00  -0.51104E-06  -0.35399E-06   0.00000E+00
       80.0   0.11586E-03   0.11566E-03   0.00000E+00   0.25299E-03   0.25947E-03   0.00000E+00  -0.14914E-06  -0.15381E-06   0.00000E+00  -0.65267E-06  -0.37793E-06   0.00000E+00
       90.0   0.10942E-03   0.10914E-03   0.00000E+00   0.25439E-03   0.26118E-03   0.00000E+00  -0.16401E-06  -0.16313E-06   0.00000E+00  -0.82699E-06  -0.40225E-06   0.00000E+00
        0.0   0.00000E+00   0.00000E+00   0.00000E+00   0.00000E+00   0.00000E+00   0.00000E+00   0.00000E+00   0.00000E+00   0.00000E+00   0.00000E+00   0.00000E+00   0.00000E+00
       10.0   0.98584E-04   0.98261E-04   0.00000E+00   0.16838E-03   0.15353E-03   0.00000E+00  -0.41769E-08  -0.37209E-08   0.00000E+00  -0.13835E-07  -0.89651E-08   0.00000E+00
       20.0   0.17134E-03   0.17084E-03   0.00000E+00   0.29128E-03   0.27112E-03   0.00000E+00  -0.21262E-07  -0.21268E-07   0.00000E+00  -0.37642E-07  -0.51404E-07   0.00000E+00
       30.0   0.20140E-03   0.20081E-03   0.00000E+00   0.34433E-03   0.32652E-03   0.00000E+00  -0.59415E-07  -0.50909E-07   0.00000E+00  -0.10608E-06  -0.12559E-06   0.00000E+00
       40.0   0.19787E-03   0.19712E-03   0.00000E+00   0.34463E-03   0.33293E-03   0.00000E+00  -0.10436E-06  -0.81828E-07   0.00000E+00  -0.21716E-06  -0.20195E-06   0.00000E+00
       50.0   0.17716E-03   0.17655E-03   0.00000E+00   0.31989E-03   0.31463E-03   0.00000E+00  -0.11384E-06  -0.10818E-06   0.00000E+00  -0.32124E-06  -0.26744E-06   0.00000E+00
       60.0   0.15198E-03   0.15157E-03   0.00000E+00   0.28933E-03   0.28957E-03   0.00000E+00  -0.13936E-06  -0.12844E-06   0.00000E+00  -0.39844E-06  -0.31608E-06   0.00000E+00
       70.0   0.13056E-03   0.13046E-03   0.00000E+00   0.26590E-03   0.26973E-03   0.00000E+00  -0.15245E-06  -0.14361E-06   0.00000E+00  -0.51104E-06  -0.35399E-06   0.00000E+00
       80.0   0.11586E-03   0.11566E-03   0.00000E+00   0.25299E-03   0.25947E-03   0.00000E+00  -0.14914E-06  -0.15381E-06   0.00000E+00  -0.65267E-06  -0.37793E-06   0.00000E+00
       90.0   0.10942E-03   0.10914E-03   0.00000E+00   0.25439E-03   0.26118E-03   0.00000E+00  -0.16401E-06  -0.16313E-06   0.00000E+00  -0.82699E-06  -0.40225E-06   0.00000E+00
        0.0   0.00000E+00   0.00000E+00   0.00000E+00   0.00000E+00   0.00000E+00   0.00000E+00   0.00000E+00   0.00000E+00   0.00000E+00   0.00000E+00   0.00000E+00   0.00000E+00
       10.0   0.00000E+00   0.24025E-10   0.00000E+00   0.00000E+00   0.23950E-08   0.00000E+00   0.00000E+00   0.00000E+00   0.00000E+00   0.00000E+00   0.00000E+00   0.00000E+00
       20.0   0.00000E+00   0.29574E-10   0.00000E+00   0.00000E+00   0.36417E-08   0.00000E+00   0.00000E+00   0.00000E+00   0.00000E+00   0.00000E+00   0.00000E+00   0.00000E+00
       30.0   0.00000E+00   0.24789E-10   0.00000E+00   0.00000E+00   0.34057E-08   0.00000E+00   0.00000E+00   0.00000E+00   0.00000E+00   0.00000E+00   0.00000E+00   0.00000E+00
       40.0   0.00000E+00   0.37740E-10   0.00000E+00   0.00000E+00   0.32891E-08   0.00000E+00   0.00000E+00   0.00000E+00   0.00000E+00   0.00000E+00   0.00000E+00   0.00000E+00
       50.0   0.00000E+00   0.47150E-10   0.00000E+00   0.00000E+00   0.30200E-08   0.00000E+00   0.00000E+00   0.00000E+00   0.00000E+00   0.00000E+00   0.00000E+00   0.00000E+00
       60.0   0.00000E+00   0.61529E-10   0.00000E+00   0.00000E+00   0.26822E-08   0.00000E+00   0.00000E+00   0.00000E+00   0.00000E+00   0.00000E+00   0.00000E+00   0.00000E+00
       70.0   0.00000E+00   0.55054E-10   0.00000E+00   0.00000E+00   0.36543E-08   0.00000E+00   0.00000E+00   0.00000E+00   0.00000E+00   0.00000E+00   0.00000E+00   0.00000E+00
       80.0   0.00000E+00   0.43132E-10   0.00000E+00   0.00000E+00   0.27923E-08   0.00000E+00   0.00000E+00   0.00000E+00   0.00000E+00   0.00000E+00   0.00000E+00   0.00000E+00
       90.0   0.00000E+00   0.50421E-10   0.00000E+00   0.00000E+00   0.36832E-08   0.00000E+00   0.00000E+00   0.00000E+00   0.00000E+00   0.00000E+00   0.00000E+00   0.00000E+00
        0.0   0.00000E+00   0.00000E+00   0.00000E+00   0.00000E+00   0.00000E+00   0.00000E+00   0.00000E+00   0.00000E+00   0.00000E+00   0.00000E+00   0.00000E+00   0.00000E+00
       10.0   0.00000E+00   0.24025E-10   0.00000E+00   0.00000E+00   0.23950E-08   0.00000E+00   0.00000E+00   0.00000E+00   0.00000E+00   0.00000E+00   0.00000E+00   0.00000E+00
       20.0   0.00000E+00   0.29574E-10   0.00000E+00   0.00000E+00   0.36417E-08   0.00000E+00   0.00000E+00   0.00000E+00   0.00000E+00   0.00000E+00   0.00000E+00   0.00000E+00
       30.0   0.00000E+00   0.24789E-10   0.00000E+00   0.00000E+00   0.34057E-08   0.00000E+00   0.00000E+00   0.00000E+00   0.00000E+00   0.00000E+00   0.00000E+00   0.00000E+00
       40.0   0.00000E+00   0.37740E-10   0.00000E+00   0.00000E+00   0.32891E-08   0.00000E+00   0.00000E+00   0.00000E+00   0.00000E+00   0.00000E+00   0.00000E+00   0.00000E+00
       50.0   0.00000E+00   0.47150E-10   0.00000E+00   0.00000E+00   0.30200E-08   0.00000E+00   0.00000E+00   0.00000E+00   0.00000E+00   0.00000E+00   0.00000E+00   0.00000E+00
       60.0   0.00000E+00   0.61529E-10   0.00000E+00   0.00000E+00   0.26822E-08   0.00000E+00   0.00000E+00   0.00000E+00   0.00000E+00   0.00000E+00   0.00000E+00   0.00000E+00
       70.0   0.00000E+00   0.55054E-10   0.00000E+00   0.00000E+00   0.36543E-08   0.00000E+00   0.00000E+00   0.00000E+00   0.00000E+00   0.00000E+00   0.00000E+00   0.00000E+00
       80.0   0.00000E+00   0.43132E-10   0.00000E+00   0.00000E+00   0.27923E-08   0.00000E+00   0.00000E+00   0.00000E+00   0.00000E+00   0.00000E+00   0.00000E+00   0.00000E+00
       90.0   0.00000E+00   0.50421E-10   0.00000E+00   0.00000E+00   0.36832E-08   0.00000E+00   0.00000E+00   0.00000E+00   0.00000E+00   0.00000E+00   0.00000E+00   0.00000E+00
        0.0   0.00000E+00   0.00000E+00   0.00000E+00   0.00000E+00   0.00000E+00   0.00000E+00   0.00000E+00   0.00000E+00   0.00000E+00   0.00000E+00   0.00000E+00   0.00000E+00
       10.0   0.00000E+00   0.24025E-10   0.00000E+00   0.00000E+00   0.23950E-08   0.00000E+00   0.00000E+00   0.00000E+00   0.00000E+00   0.00000E+00   0.00000E+00   0.00000E+00
       20.0   0.00000E+00   0.29574E-10   0.00000E+00   0.00000E+00   0.36417E-08   0.00000E+00   0.00000E+00   0.00000E+00   0.00000E+00   0.00000E+00   0.00000E+00   0.00000E+00
       30.0   0.00000E+00   0.24789E-10   0.00000E+00   0.00000E+00   0.34057E-08   0.00000E+00   0.00000E+00   0.00000E+00   0.00000E+00   0.00000E+00   0.00000E+00   0.00000E+00
       40.0   0.00000E+00   0.37740E-10   0.00000E+00   0.00000E+00   0.32891E-08   0.00000E+00   0.00000E+00   0.00000E+00   0.00000E+00   0.00000E+00   0.00000E+00   0.00000E+00
       50.0   0.00000E+00   0.47150E-10   0.00000E+00   0.00000E+00   0.30200E-08   0.00000E+00   0.00000E+00   0.00000E+00   0.00000E+00   0.00000E+00   0.00000E+00   0.00000E+00
       60.0   0.00000E+00   0.61529E-10   0.00000E+00   0.00000E+00   0.26822E-08   0.00000E+00   0.00000E+00   0.00000E+00   0.00000E+00   0.00000E+00   0.00000E+00   0.00000E+00
       70.0   0.00000E+00   0.55054E-10   0.00000E+00   0.00000E+00   0.36543E-08   0.00000E+00   0.00000E+00   0.00000E+00   0.00000E+00   0.00000E+00   0.00000E+00   0.00000E+00
       80.0   0.00000E+00   0.43132E-10   0.00000E+00   0.00000E+00   0.27923E-08   0.00000E+00   0.00000E+00   0.00000E+00   0.00000E+00   0.00000E+00   0.00000E+00   0.00000E+00
       90.0   0.00000E+00   0.50421E-10   0.00000E+00   0.00000E+00   0.36832E-08   0.00000E+00   0.00000E+00   0.00000E+00   0.00000E+00   0.00000E+00   0.00000E+00   0.00000E+00
        0.0   0.00000E+00   0.00000E+00   0.00000E+00   0.00000E+00   0.00000E+00   0.00000E+00   0.00000E+00   0.00000E+00   0.00000E+00   0.00000E+00   0.00000E+00   0.00000E+00
        0.0   0.00000E+00   0.00000E+00   0.00000E+00   0.00000E+00   0.00000E+00   0.00000E+00   0.00000E+00   0.00000E+00   0.00000E+00   0.00000E+00   0.00000E+00   0.00000E+00
        0.0   0.00000E+00   0.00000E+00   0.00000E+00   0.00000E+00   0.00000E+00   0.00000E+00   0.00000E+00   0.00000E+00   0.00000E+00   0.00000E+00   0.00000E+00   0.00000E+00
       10.0   0.00000E+00   0.24027E-10   0.00000E+00   0.00000E+00   0.23957E-08   0.00000E+00   0.00000E+00   0.00000E+00   0.00000E+00   0.00000E+00   0.00000E+00   0.00000E+00
       20.0   0.00000E+00   0.29581E-10   0.00000E+00   0.00000E+00   0.36424E-08   0.00000E+00   0.00000E+00   0.00000E+00   0.00000E+00   0.00000E+00   0.00000E+00   0.00000E+00
       30.0   0.00000E+00   0.24797E-10   0.00000E+00   0.00000E+00   0.34067E-08   0.00000E+00   0.00000E+00   0.00000E+00   0.00000E+00   0.00000E+00   0.00000E+00   0.00000E+00
       40.0   0.00000E+00   0.37744E-10   0.00000E+00   0.00000E+00   0.32914E-08   0.00000E+00   0.00000E+00   0.00000E+00   0.00000E+00   0.00000E+00   0.00000E+00   0.00000E+00
       50.0   0.00000E+00   0.47153E-10   0.00000E+00   0.00000E+00   0.30238E-08   0.00000E+00   0.00000E+00   0.00000E+00   0.00000E+00   0.00000E+00   0.00000E+00   0.00000E+00
       60.0   0.00000E+00   0.61531E-10   0.00000E+00   0.00000E+00   0.26879E-08   0.00000E+00   0.00000E+00   0.00000E+00   0.00000E+00   0.00000E+00   0.00000E+00   0.00000E+00
       70.0   0.00000E+00   0.55051E-10   0.00000E+00   0.00000E+00   0.36626E-08   0.00000E+00   0.00000E+00   0.00000E+00   0.00000E+00   0.00000E+00   0.00000E+00   0.00000E+00
       80.0   0.00000E+00   0.43129E-10   0.00000E+00   0.00000E+00   0.28016E-08   0.00000E+00   0.00000E+00   0.00000E+00   0.00000E+00   0.00000E+00   0.00000E+00   0.00000E+00
       90.0   0.00000E+00   0.50417E-10   0.00000E+00   0.00000E+00   0.36920E-08   0.00000E+00   0.00000E+00   0.00000E+00   0.00000E+00   0.00000E+00   0.00000E+00   0.00000E+00
        0.0   0.00000E+00   0.00000E+00   0.00000E+00   0.00000E+00   0.00000E+00   0.00000E+00   0.00000E+00   0.00000E+00   0.00000E+00   0.00000E+00   0.00000E+00   0.00000E+00
       10.0   0.00000E+00   0.24027E-10   0.00000E+00   0.00000E+00   0.23957E-08   0.00000E+00   0.00000E+00   0.00000E+00   0.00000E+00   0.00000E+00   0.00000E+00   0.00000E+00
       20.0   0.00000E+00   0.29581E-10   0.00000E+00   0.00000E+00   0.36424E-08   0.00000E+00   0.00000E+00   0.00000E+00   0.00000E+00   0.00000E+00   0.00000E+00   0.00000E+00
       30.0   0.00000E+00   0.24797E-10   0.00000E+00   0.00000E+00   0.34067E-08   0.00000E+00   0.00000E+00   0.00000E+00   0.00000E+00   0.00000E+00   0.00000E+00   0.00000E+00
       40.0   0.00000E+00   0.37744E-10   0.00000E+00   0.00000E+00   0.32914E-08   0.00000E+00   0.00000E+00   0.00000E+00   0.00000E+00   0.00000E+00   0.00000E+00   0.00000E+00
       50.0   0.00000E+00   0.47153E-10   0.00000E+00   0.00000E+00   0.30238E-08   0.00000E+00   0.00000E+00   0.00000E+00   0.00000E+00   0.00000E+00   0.00000E+00   0.00000E+00
       60.0   0.00000E+00   0.61531E-10   0.00000E+00   0.00000E+00   0.26879E-08   0.00000E+00   0.00000E+00   0.00000E+00   0.00000E+00   0.00000E+00   0.00000E+00   0.00000E+00
       70.0   0.00000E+00   0.55051E-10   0.00000E+00   0.00000E+00   0.36626E-08   0.00000E+00   0.00000E+00   0.00000E+00   0.00000E+00   0.00000E+00   0.00000E+00   0.00000E+00
       80.0   0.00000E+00   0.43129E-10   0.00000E+00   0.00000E+00   0.28016E-08   0.00000E+00   0.00000E+00   0.00000E+00   0.00000E+00   0.00000E+00   0.00000E+00   0.00000E+00
       90.0   0.00000E+00   0.50417E-10   0.00000E+00   0.00000E+00   0.36920E-08   0.00000E+00   0.00000E+00   0.00000E+00   0.00000E+00   0.00000E+00   0.00000E+00   0.00000E+00
