      0      0   0.210E+04
      0      1   0.198E+04
      0      2   0.206E+04
      0      3   0.199E+04
      0      4   0.202E+04
      0      5   0.208E+04
      0      6   0.203E+04
      0      7   0.201E+04
      0      8   0.209E+04
      0      9   0.204E+04
      0     10   0.207E+04
      0     11   0.210E+04
      0     12   0.208E+04
      0     13   0.201E+04
      0     14   0.200E+04
      0     15   0.196E+04
      0     16   0.199E+04
      0     17   0.207E+04
      0     18   0.203E+04
      0     19   0.200E+04
        40692   gclr
      1      0   0.205E+04
      1      1   0.201E+04
      1      2   0.204E+04
      1      3   0.207E+04
      1      4   0.207E+04
      1      5   0.203E+04
      1      6   0.200E+04
      1      7   0.213E+04
      1      8   0.201E+04
      1      9   0.209E+04
      1     10   0.207E+04
      1     11   0.205E+04
      1     12   0.206E+04
      1     13   0.202E+04
      1     14   0.206E+04
      1     15   0.199E+04
      1     16   0.203E+04
      1     17   0.207E+04
      1     18   0.207E+04
      1     19   0.213E+04
        41044   gclr
      2      0   0.205E+04
      2      1   0.210E+04
      2      2   0.208E+04
      2      3   0.207E+04
      2      4   0.204E+04
      2      5   0.204E+04
      2      6   0.207E+04
      2      7   0.206E+04
      2      8   0.204E+04
      2      9   0.205E+04
      2     10   0.203E+04
      2     11   0.202E+04
      2     12   0.204E+04
      2     13   0.206E+04
      2     14   0.201E+04
      2     15   0.203E+04
      2     16   0.205E+04
      2     17   0.207E+04
      2     18   0.201E+04
      2     19   0.207E+04
        40998   gclr
      3      0   0.196E+04
      3      1   0.207E+04
      3      2   0.196E+04
      3      3   0.203E+04
      3      4   0.199E+04
      3      5   0.202E+04
      3      6   0.202E+04
      3      7   0.196E+04
      3      8   0.208E+04
      3      9   0.210E+04
      3     10   0.199E+04
      3     11   0.206E+04
      3     12   0.204E+04
      3     13   0.198E+04
      3     14   0.198E+04
      3     15   0.204E+04
      3     16   0.198E+04
      3     17   0.202E+04
      3     18   0.205E+04
      3     19   0.200E+04
        40323   gclr
      4      0   0.201E+04
      4      1   0.200E+04
      4      2   0.199E+04
      4      3   0.195E+04
      4      4   0.200E+04
      4      5   0.204E+04
      4      6   0.194E+04
      4      7   0.201E+04
      4      8   0.195E+04
      4      9   0.201E+04
      4     10   0.198E+04
      4     11   0.204E+04
      4     12   0.198E+04
      4     13   0.200E+04
      4     14   0.204E+04
      4     15   0.201E+04
      4     16   0.204E+04
      4     17   0.200E+04
      4     18   0.204E+04
      4     19   0.200E+04
        40021   gclr
      5      0   0.195E+04
      5      1   0.199E+04
      5      2   0.204E+04
      5      3   0.205E+04
      5      4   0.203E+04
      5      5   0.202E+04
      5      6   0.203E+04
      5      7   0.198E+04
      5      8   0.199E+04
      5      9   0.204E+04
      5     10   0.203E+04
      5     11   0.203E+04
      5     12   0.206E+04
      5     13   0.200E+04
      5     14   0.193E+04
      5     15   0.203E+04
      5     16   0.194E+04
      5     17   0.202E+04
      5     18   0.200E+04
      5     19   0.204E+04
        40173   gclr
      6      0   0.194E+04
      6      1   0.205E+04
      6      2   0.196E+04
      6      3   0.197E+04
      6      4   0.201E+04
      6      5   0.200E+04
      6      6   0.200E+04
      6      7   0.200E+04
      6      8   0.201E+04
      6      9   0.198E+04
      6     10   0.198E+04
      6     11   0.193E+04
      6     12   0.197E+04
      6     13   0.192E+04
      6     14   0.198E+04
      6     15   0.196E+04
      6     16   0.198E+04
      6     17   0.199E+04
      6     18   0.206E+04
      6     19   0.202E+04
        39683   gclr
      7      0   0.203E+04
      7      1   0.200E+04
      7      2   0.191E+04
      7      3   0.203E+04
      7      4   0.189E+04
      7      5   0.197E+04
      7      6   0.193E+04
      7      7   0.200E+04
      7      8   0.196E+04
      7      9   0.197E+04
      7     10   0.198E+04
      7     11   0.201E+04
      7     12   0.197E+04
      7     13   0.197E+04
      7     14   0.191E+04
      7     15   0.196E+04
      7     16   0.200E+04
      7     17   0.202E+04
      7     18   0.193E+04
      7     19   0.197E+04
        39409   gclr
