        0.0   0.63484E-01  -0.45370E-01   0.79995E-02   0.69238E-03   0.29475E-03
       10.0   0.10461E+00  -0.35673E-01   0.23377E-02  -0.56613E-03  -0.68795E-03
        0.0   0.63484E-01  -0.45370E-01   0.79995E-02   0.69238E-03   0.29475E-03
       10.0   0.10461E+00  -0.35673E-01   0.23377E-02  -0.56613E-03  -0.68795E-03
       20.0   0.16331E+00  -0.48419E-01   0.45786E-03  -0.50636E-03  -0.10035E-02
       30.0   0.24108E+00  -0.98331E-01   0.45388E-02  -0.10790E-02  -0.22209E-02
       40.0   0.32495E+00  -0.19965E+00   0.13929E-01  -0.36789E-02  -0.52735E-02
       50.0   0.34657E+00  -0.22512E+00   0.58794E-02  -0.10073E-01  -0.96712E-02
       60.0   0.30475E+00  -0.16722E+00  -0.13031E-01  -0.15877E-01  -0.12114E-01
       70.0   0.22511E+00  -0.86306E-01  -0.19251E-01  -0.12994E-01  -0.74964E-02
       80.0   0.11550E+00  -0.24690E-01  -0.26826E-02  -0.23514E-02   0.14020E-02
       90.0  -0.42311E-03  -0.13005E-02   0.21413E-01   0.77021E-02   0.73041E-02
        0.0   0.63484E-01  -0.45370E-01   0.79995E-02   0.69238E-03   0.29475E-03
       10.0   0.10461E+00  -0.35673E-01   0.23377E-02  -0.56613E-03  -0.68795E-03
       20.0   0.16331E+00  -0.48419E-01   0.45786E-03  -0.50636E-03  -0.10035E-02
       30.0   0.24108E+00  -0.98331E-01   0.45388E-02  -0.10790E-02  -0.22209E-02
       40.0   0.32495E+00  -0.19965E+00   0.13929E-01  -0.36789E-02  -0.52735E-02
       50.0   0.34657E+00  -0.22512E+00   0.58794E-02  -0.10073E-01  -0.96712E-02
       60.0   0.30475E+00  -0.16722E+00  -0.13031E-01  -0.15877E-01  -0.12114E-01
       70.0   0.22511E+00  -0.86306E-01  -0.19251E-01  -0.12994E-01  -0.74964E-02
       80.0   0.11550E+00  -0.24690E-01  -0.26826E-02  -0.23514E-02   0.14020E-02
       90.0  -0.42294E-03  -0.13006E-02   0.21414E-01   0.77021E-02   0.73041E-02
        0.0   0.63484E-01  -0.45370E-01   0.79995E-02   0.69238E-03   0.29475E-03
       10.0   0.10461E+00  -0.35673E-01   0.23377E-02  -0.56613E-03  -0.68795E-03
       20.0   0.16331E+00  -0.48419E-01   0.45786E-03  -0.50636E-03  -0.10035E-02
       30.0   0.24108E+00  -0.98331E-01   0.45388E-02  -0.10790E-02  -0.22209E-02
       40.0   0.32495E+00  -0.19965E+00   0.13929E-01  -0.36789E-02  -0.52735E-02
       50.0   0.34657E+00  -0.22512E+00   0.58794E-02  -0.10073E-01  -0.96712E-02
       60.0   0.30475E+00  -0.16722E+00  -0.13031E-01  -0.15877E-01  -0.12114E-01
       70.0   0.22511E+00  -0.86306E-01  -0.19251E-01  -0.12994E-01  -0.74964E-02
       80.0   0.11550E+00  -0.24690E-01  -0.26826E-02  -0.23514E-02   0.14020E-02
       90.0  -0.42311E-03  -0.13005E-02   0.21413E-01   0.77021E-02   0.73041E-02
        0.0   0.41077E-01  -0.28318E-01   0.50543E-02   0.52457E-03   0.33755E-03
       10.0   0.73681E-01  -0.17885E-01  -0.65682E-03  -0.44742E-03  -0.48507E-03
       20.0   0.13273E+00  -0.38649E-01   0.19089E-02  -0.37017E-03  -0.47126E-03
       30.0   0.20032E+00  -0.82035E-01   0.34267E-02  -0.66757E-03  -0.15533E-02
       40.0   0.27711E+00  -0.16888E+00   0.11965E-01  -0.29113E-02  -0.39821E-02
       50.0   0.29499E+00  -0.18988E+00   0.25278E-02  -0.84486E-02  -0.82654E-02
       60.0   0.24557E+00  -0.12468E+00  -0.19577E-01  -0.13877E-01  -0.10893E-01
       70.0   0.17963E+00  -0.58731E-01  -0.23525E-01  -0.11748E-01  -0.73100E-02
       80.0   0.10716E+00  -0.20770E-01  -0.51145E-02  -0.24747E-02   0.51482E-03
       90.0  -0.15313E-01   0.19535E-01   0.89858E-02   0.58600E-02   0.51977E-02
        0.0   0.63484E-01  -0.45370E-01   0.79995E-02   0.69238E-03   0.29475E-03
       10.0   0.10461E+00  -0.35673E-01   0.23377E-02  -0.56613E-03  -0.68795E-03
       20.0   0.16331E+00  -0.48419E-01   0.45786E-03  -0.50636E-03  -0.10035E-02
       30.0   0.24108E+00  -0.98331E-01   0.45388E-02  -0.10790E-02  -0.22209E-02
       40.0   0.32495E+00  -0.19965E+00   0.13929E-01  -0.36789E-02  -0.52735E-02
       50.0   0.34657E+00  -0.22512E+00   0.58794E-02  -0.10073E-01  -0.96712E-02
       60.0   0.30475E+00  -0.16722E+00  -0.13031E-01  -0.15877E-01  -0.12114E-01
       70.0   0.22511E+00  -0.86306E-01  -0.19251E-01  -0.12994E-01  -0.74964E-02
       80.0   0.11550E+00  -0.24690E-01  -0.26826E-02  -0.23514E-02   0.14020E-02
       90.0  -0.42311E-03  -0.13005E-02   0.21413E-01   0.77021E-02   0.73041E-02
        0.0   0.63484E-01  -0.45370E-01   0.79995E-02   0.69238E-03   0.29475E-03
       10.0   0.10461E+00  -0.35673E-01   0.23377E-02  -0.56613E-03  -0.68795E-03
       20.0   0.16331E+00  -0.48419E-01   0.45786E-03  -0.50636E-03  -0.10035E-02
       30.0   0.24108E+00  -0.98331E-01   0.45388E-02  -0.10790E-02  -0.22209E-02
       40.0   0.32495E+00  -0.19965E+00   0.13929E-01  -0.36789E-02  -0.52735E-02
       50.0   0.34657E+00  -0.22512E+00   0.58794E-02  -0.10073E-01  -0.96712E-02
       60.0   0.30475E+00  -0.16722E+00  -0.13031E-01  -0.15877E-01  -0.12114E-01
       70.0   0.22511E+00  -0.86306E-01  -0.19251E-01  -0.12994E-01  -0.74964E-02
       80.0   0.11550E+00  -0.24690E-01  -0.26826E-02  -0.23514E-02   0.14020E-02
       90.0  -0.42311E-03  -0.13005E-02   0.21413E-01   0.77021E-02   0.73041E-02
        0.0   0.63484E-01  -0.45370E-01   0.79995E-02   0.69238E-03   0.29475E-03
       10.0   0.10461E+00  -0.35673E-01   0.23377E-02  -0.56613E-03  -0.68795E-03
       20.0   0.16331E+00  -0.48419E-01   0.45786E-03  -0.50636E-03  -0.10035E-02
       30.0   0.24108E+00  -0.98331E-01   0.45388E-02  -0.10790E-02  -0.22209E-02
       40.0   0.32495E+00  -0.19965E+00   0.13929E-01  -0.36789E-02  -0.52735E-02
       50.0   0.34657E+00  -0.22512E+00   0.58794E-02  -0.10073E-01  -0.96712E-02
       60.0   0.30475E+00  -0.16722E+00  -0.13031E-01  -0.15877E-01  -0.12114E-01
       70.0   0.22511E+00  -0.86306E-01  -0.19251E-01  -0.12994E-01  -0.74964E-02
       80.0   0.11550E+00  -0.24690E-01  -0.26826E-02  -0.23514E-02   0.14020E-02
       90.0  -0.42311E-03  -0.13005E-02   0.21413E-01   0.77021E-02   0.73041E-02
        0.0   0.63484E-01  -0.45370E-01   0.79995E-02   0.69238E-03   0.29475E-03
       10.0   0.10461E+00  -0.35673E-01   0.23377E-02  -0.56613E-03  -0.68795E-03
       20.0   0.16331E+00  -0.48419E-01   0.45786E-03  -0.50636E-03  -0.10035E-02
       30.0   0.24108E+00  -0.98331E-01   0.45388E-02  -0.10790E-02  -0.22209E-02
       40.0   0.32495E+00  -0.19965E+00   0.13929E-01  -0.36789E-02  -0.52735E-02
       50.0   0.34657E+00  -0.22512E+00   0.58794E-02  -0.10073E-01  -0.96712E-02
       60.0   0.30475E+00  -0.16722E+00  -0.13031E-01  -0.15877E-01  -0.12114E-01
       70.0   0.22511E+00  -0.86306E-01  -0.19251E-01  -0.12994E-01  -0.74964E-02
       80.0   0.11550E+00  -0.24690E-01  -0.26826E-02  -0.23514E-02   0.14020E-02
       90.0  -0.42311E-03  -0.13005E-02   0.21413E-01   0.77021E-02   0.73041E-02
        0.0   0.63484E-01  -0.45370E-01   0.79995E-02   0.69238E-03   0.29475E-03
       10.0   0.10461E+00  -0.35673E-01   0.23377E-02  -0.56613E-03  -0.68795E-03
       20.0   0.16331E+00  -0.48419E-01   0.45786E-03  -0.50636E-03  -0.10035E-02
       30.0   0.24108E+00  -0.98331E-01   0.45388E-02  -0.10790E-02  -0.22209E-02
       40.0   0.32495E+00  -0.19965E+00   0.13929E-01  -0.36789E-02  -0.52735E-02
       50.0   0.34657E+00  -0.22512E+00   0.58794E-02  -0.10073E-01  -0.96712E-02
       60.0   0.30475E+00  -0.16722E+00  -0.13031E-01  -0.15877E-01  -0.12114E-01
       70.0   0.22511E+00  -0.86306E-01  -0.19251E-01  -0.12994E-01  -0.74964E-02
       80.0   0.11550E+00  -0.24690E-01  -0.26826E-02  -0.23514E-02   0.14020E-02
       90.0  -0.42311E-03  -0.13005E-02   0.21413E-01   0.77021E-02   0.73041E-02
        0.0   0.63481E-01  -0.45367E-01   0.79988E-02   0.69252E-03   0.29486E-03
       10.0   0.63475E-01  -0.46104E-01   0.96048E-02   0.76005E-03   0.41611E-03
       20.0   0.63855E-01  -0.45151E-01   0.74894E-02   0.10991E-02   0.48679E-03
       30.0   0.64136E-01  -0.44091E-01   0.81981E-02   0.10726E-02   0.64991E-03
       40.0   0.63888E-01  -0.45677E-01   0.83004E-02   0.11435E-02   0.59163E-03
       50.0   0.63686E-01  -0.47514E-01   0.10232E-01   0.88381E-03   0.51477E-03
       60.0   0.63119E-01  -0.47574E-01   0.10259E-01   0.26226E-03   0.72330E-04
       70.0   0.63467E-01  -0.47555E-01   0.10767E-01   0.35094E-03   0.18250E-03
       80.0   0.63787E-01  -0.45709E-01   0.10282E-01   0.48009E-03   0.31443E-03
       90.0   0.63944E-01  -0.44838E-01   0.10196E-01   0.66249E-03   0.47241E-03
        0.0   0.63481E-01  -0.45367E-01   0.79988E-02   0.69252E-03   0.29486E-03
       10.0   0.63475E-01  -0.46104E-01   0.96048E-02   0.76005E-03   0.41611E-03
       20.0   0.63855E-01  -0.45151E-01   0.74894E-02   0.10991E-02   0.48679E-03
       30.0   0.64136E-01  -0.44091E-01   0.81981E-02   0.10726E-02   0.64991E-03
       40.0   0.63888E-01  -0.45677E-01   0.83004E-02   0.11435E-02   0.59163E-03
       50.0   0.63686E-01  -0.47514E-01   0.10232E-01   0.88381E-03   0.51477E-03
       60.0   0.63119E-01  -0.47574E-01   0.10259E-01   0.26226E-03   0.72330E-04
       70.0   0.63467E-01  -0.47555E-01   0.10767E-01   0.35094E-03   0.18250E-03
       80.0   0.63787E-01  -0.45709E-01   0.10282E-01   0.48009E-03   0.31443E-03
       90.0   0.63944E-01  -0.44838E-01   0.10196E-01   0.66249E-03   0.47241E-03
        0.0   0.63481E-01  -0.45367E-01   0.79988E-02   0.69252E-03   0.29486E-03
       10.0   0.63475E-01  -0.46104E-01   0.96048E-02   0.76005E-03   0.41611E-03
       20.0   0.63855E-01  -0.45151E-01   0.74894E-02   0.10991E-02   0.48679E-03
       30.0   0.64136E-01  -0.44091E-01   0.81981E-02   0.10726E-02   0.64991E-03
       40.0   0.63888E-01  -0.45677E-01   0.83004E-02   0.11435E-02   0.59163E-03
       50.0   0.63686E-01  -0.47514E-01   0.10232E-01   0.88381E-03   0.51477E-03
       60.0   0.63119E-01  -0.47574E-01   0.10259E-01   0.26226E-03   0.72330E-04
       70.0   0.63467E-01  -0.47555E-01   0.10767E-01   0.35094E-03   0.18250E-03
       80.0   0.63787E-01  -0.45709E-01   0.10282E-01   0.48009E-03   0.31443E-03
       90.0   0.63944E-01  -0.44838E-01   0.10196E-01   0.66249E-03   0.47241E-03
        0.0   0.00000E+00   0.00000E+00   0.00000E+00   0.00000E+00   0.00000E+00
        0.0   0.00000E+00   0.00000E+00   0.00000E+00   0.00000E+00   0.00000E+00
        0.0   0.63481E-01  -0.45367E-01   0.79988E-02   0.69252E-03   0.29486E-03
       10.0   0.63474E-01  -0.46105E-01   0.96067E-02   0.76015E-03   0.41607E-03
       20.0   0.63854E-01  -0.45154E-01   0.74930E-02   0.10995E-02   0.48686E-03
       30.0   0.64136E-01  -0.44097E-01   0.82034E-02   0.10737E-02   0.65027E-03
       40.0   0.63890E-01  -0.45684E-01   0.83072E-02   0.11454E-02   0.59234E-03
       50.0   0.63689E-01  -0.47522E-01   0.10241E-01   0.88604E-03   0.51549E-03
       60.0   0.63123E-01  -0.47582E-01   0.10269E-01   0.26505E-03   0.73202E-04
       70.0   0.63473E-01  -0.47564E-01   0.10779E-01   0.35400E-03   0.18332E-03
       80.0   0.63794E-01  -0.45719E-01   0.10296E-01   0.48372E-03   0.31547E-03
       90.0   0.63953E-01  -0.44851E-01   0.10211E-01   0.66668E-03   0.47348E-03
        0.0   0.63481E-01  -0.45367E-01   0.79988E-02   0.69252E-03   0.29486E-03
       10.0   0.63474E-01  -0.46105E-01   0.96067E-02   0.76015E-03   0.41607E-03
       20.0   0.63854E-01  -0.45154E-01   0.74930E-02   0.10995E-02   0.48686E-03
       30.0   0.64136E-01  -0.44097E-01   0.82034E-02   0.10737E-02   0.65027E-03
       40.0   0.63890E-01  -0.45684E-01   0.83072E-02   0.11454E-02   0.59234E-03
       50.0   0.63689E-01  -0.47522E-01   0.10241E-01   0.88604E-03   0.51549E-03
       60.0   0.63123E-01  -0.47582E-01   0.10269E-01   0.26505E-03   0.73202E-04
       70.0   0.63473E-01  -0.47564E-01   0.10779E-01   0.35400E-03   0.18332E-03
       80.0   0.63794E-01  -0.45719E-01   0.10296E-01   0.48372E-03   0.31547E-03
       90.0   0.63953E-01  -0.44851E-01   0.10211E-01   0.66668E-03   0.47348E-03
